ListMaxHeapObject
Init -511075682,840674994
Init -972218562,40509900
Init -993779688,-624512205,-79306469,317980068,-818465516,217032874,-368767459,288300863,-631034107,-384442194
Init -746046808,784507400,-247477439,-932951894,-41226473
Init -917512599,-487026118,352062381,379798914,327065980,353164881
Init 82534974,322948763,-759024044
Init 307308565,871920684,-752027357,-475477376,-646234384,873847225,-380272108
Init -639323360,-18971307
Init 362626992,-449892881
Init 429066195,-979654722,624590364,83689972,467214591
Init 145790172,810458111,873382386,-719423769,-788365651,-495797638,-289161074,407338804
Init 917079973,771681013,-458489300,-510147987,571184272,-846043490,319456028,941054625
Init 279140938,145632744,-603796338,-86422986,981966653
Init 521342134,-902615377,-328075937
Init 500328049,408741627,-978517936,-331292341,-380584131
Init -878578772,678912002,245953906,-174913270,412790108,-118389190,-343470552,723316580,746380285
Init 419947946,797609409,-731254100,152312985,-198233873,-751189826,594167143,308369381,737193683,278887349
Init 89436346,-698290497,-241528451,-582082483,-911186028
Init 518872977,47185277,-21142006,-636040389,587613494,534131893,923056407,640985005,-846652883
Init 709480877,454882796,337154408,541619291
Init 949031699,992417217,-943035425,706962517,647211121,736794436,218169257,440618890,576369979
Init -223702406,-720802070,738968257
Init -390155880
Init 317474147,981184614,319228831,-483957273,-935609244
Init -854222175,-977402471
Init -699417197,-158862391,865908405,-228416398,-974676668,-289866727,-958903514,-47964780
Init -742856184,-41586423,589260662
Init 854468076,144415735,549985525,-639014699,-570578549,-487111559,639567896,-628454429,243351924
Init -820743103,-132380030
Init -458692689,-629703725,834270290,-272048782,171576123,-774548791,568040277,301830327,-304724150
Init -982496497,-692779599,168225878,130252562,-759848586,-908244425,347408191,-749174391,-788957633
Init 210995763,633244484,-968151661,332958524,-225287213
Init -693580763,798825757,376184540,611169928
Init -909834789,-396594135,442229820,-534407244,751695512,-554449769,-445347490,-562415659
Init -897042673
Init -663262681,-156448643
Init -112094082,312013473,-829631905,-736492537
Init 562389136,704954931,-963844934,451322352,-952743633,-636144974,-962405224,4070001
Init -895213574
Init 251105220,-746157094,407154270
Init -547856872,-502380478,-567695577,356436393,-102001733,56433891,-455099873,-69762665,401374729,-458069484
Init -830982606,38333675
Init 130727081,-839068553,-633325440,-82566524,510100800,634932009,56057776,-603058980,-748269666
Init -725430766,8520163,-358098471
Init 394278292,256821003,-708319147,-893064816,-240659505,-190843828,922491125
Init -179955170,285297457,-818772677,926765882
Init 711665624
Init 851564786,-915778066,300872168,240610675,492786550,-570819828
Init 531242434,-279032618,-795239666,421845629
Init 928363870,-807561202,-762225918
Init 411275692,-50367266,647512483,-183452344,-215534624,713464989,528102359,69005581,210517698,736135263
Init -783227871,-257840268,-316315621,-275054628,696391467
Init 648721451,916807012
Init -70530809,-716798470,569738873,952647847,173359722,143090312,271711157
Init 421854620,644616644
Init -624245157,-628176516,311347149,207473293,930429245
Init -610478806,137838489,-960197078,-986290627,520903502,409900232,-373062795,-806758566,33986127,-323647992
Init -897154017,66533083,633253520,319707648,-153973163,-397159475,456174657,90395378
Init 573842658,327547946,12923785,83869342,-816827618,13900385,-792698494,646964514,-3318015,-216543886
Init -286744101,502420037,-355049913,-270777217,-102557204,943188754,340352545,-3372965
Init 964277636,-953289047,-765850136,685611490,-356783520,821991073,446200465,825040860,-420214187
Init 637385307
Init 237782254
Init 308273501,329464680,-790537652,398279080
Init -528035091,-407736374,480453267,257671695,-245453388,-347888678,-996714607,445201911,27483965
Init -609276142,544189535,-354709237,837752237,-775253910
Init 874407735
Init 233011713,-531365766,-960366725,-164055467,928365008,-527362398,359391227
Init -496720150,-363660829,713728103,216261295,648152567,-407875487,931974589,448701178,-957977176
Init 133126695,-294774894,-594284953,817181290,-959421351,-110986270,457293627,-545762229,-665388513
Init -852959495
Init 213379594
Init -720740565,-104112418,-747917876,397296149,54500514,221249254,34074429,561551083,-412638485,921588225
Init 549059706,-94721846,658355875,-890848754,-266943628,87419870,340258091,197695635,176638446
Init -746248096,-380270128
Init -989264934,445330324,395556397,746411425,-963195357,-778077244,-830186108,-827959907
Init -306780356,-888702720,396750767,319104938,409523465,-677767191,-34704926,988560037,12301254
Init -770515622,-39723961,-232665382,-431487557,-501598115,95026330,480886079
Init 390861581,-805060622,719106378,75176953,-486022843
Init 491567882,479441652,878914961,799638425,-506897167,-700817819
Init -777056961,-153790471,366483137,-200111742,-409981985
Init -334852798,-995547845,35871590,768469636
Init -951976290,-43812300,-224582156,983916965
Init 621702734,-395455136,-887365047,-457893551,527092655,-70797858,-577596864,-499230385,-833496902
Init 746752587,617202813
Init -143009049,-421184031,320769815,-617421085
Init -435369908,297553547,698557432
Init 688405097,485208631,214308755,-498865497,-883356093,871435032,128896599,-453746874
Init 180977590,87584323,688138202,165383486,787009432
Init -634551151,-534888743,217772305,782338043
Init -738665838,529920999,119753805
Init -822927044,-31272690,-111954727,653995629,-404833991,-391546244
Init -779790878,56028087,-135767723,-460464866,-396245996,-861167605,-443765302
Init -250186570,-841735369,691064240,942262314,638350041,562691349,388822073
Init -380579563,473106924,-584430478,-384837135,141068830,409094902,-243467442,-421395274
Init 364199643,569452846,231100810,948846053,-710142774,943817580,467969424
Init -207628600,-746013263,893151280,-447703445,-107808695,943335457,-658623429,61848162
Init -446377889,549769816
Init 671762397,93776728,-309320465,123887385
Init -57125870,947871316,-850103786,-5819532,806499696,527170180
Init 861649920,645375671,-633014920,994618499,297849728,492634813,774845500,328237159,472167689,-476213489
Init 645683401,781255373,852360342,56558238,215848228,950187045,277602655
Init 215822691
Init 522666893,758422416,-204843933,283026027,-476420944,747733960,994047186,-931144676,-274975580
Init -512032604,-659700461,960459032
Init -39250996,740054311
Init -155926758,-823000774,679958312,585553378,740760273,-348364431,290418108,363354359
Init 283025066,-39689412,-256395678,-2548291
Init -593956070,524658243,763285205,209280561,218746240,-922979128,-967295598,-129176938
Init 297417481,188826413,-300719517
Init 192244032,20824026,-635347467,-97878266,-907824295
Init -921075009,397011130,27373678,-288095084,41358721,394385714,639328836,882779920
Init -235024184,-524699702,338922434,-56256478,-76359659,766738283,549349749,-399874006,-204227512
Init -877066559,885124417,-362790144,-305720338,-114547525,427264419,663561675,36882092,-351391948
Init 626158515,976082482,-442837036,-159792610,-656670603,292984143,-356565936,-681979878,-527615434
Init -707751787,64125547,-901306404,-13385649,473209041,213656214,206621439,-458692903,259462844
Init -7368879,-560846859,-169169987
Init -735392523,-605278470,94638789
Init -96059221,935520151,977393800,410727973,-651633874,513016790,-651749388,-708878324,-379362307,-945951032
Init -605473798,92460016,590578743
Init -577679016,290241069
Init 342434105,-382549521,996749767,-179609032,169342448,861358602,-374930732,253810899,-169728880
Init -6749975,128580386,816768229,721770342,675941727
Init -761314464,594201241,-163850687,-518355897,-17344978,-634532946,388543098,564222667,-865436010,310484524
Init -605352542,-314700972,388233757,990262209,845460240,130331196
Init 501846418,934245369,761959879,-276344616
Init -945891458,-336838995,-526032275,919094798,218690686,440247063,-449181390,-827832275,272177786
Init -420874410,761827259,603182950,-503946548,538177315,-632525971,824121923,-992773636
Init -806405503,-824365726,-165316658,475318569,387306218,506084982,-257720566,-484030592
Init 633330039,821065936,668725278,-226108158,-348682016,-153526882,247422431,-911797160,-925468579
Init 373173065,-931345142,30867560,-850828585,401350565,-4705332,335887961,452451662,114881391,517735497
Init -880791888,783558407,-353540061
Init -448785404,467031487,-15228075,197911250,52247044,-881228140
Init 936122102,768847471,-903336646,870447283,333680214,346655293,-525933757,-758553385,909047993
Init -776451670,-66910760,144420679,891077050,460648315,-637843534,-83331763,891208469,-31475500
Init -866439148,-178001141,941151200,510247848,-160587551
Init -211276076,-284646928
Init -454703735,-70619903,-736121357,-826944739,418492702,88930818,535589072,-965522585,596833194
Init -179278765
Init -319472056,-275819790,776206428,-384956990,291322667
Init 107592631,817013920,-587118845,-31663592
Init 820855471,763934266,-994901169,949185988,507161543,-773540761,-934556981
Init -138942958,502921835,434839976,-21503138,-801371527
Init 737020114,-837555315,895704768,-651866142,-284489293,-883890937
Init 54639940,845988167,176711706,145216811,-202370339,410374608
Init 382893150,612535995,389585998,84431928,752396634,864930643,493004119
Init -599861830,256431130,-208886938,-921930843,290855082,207776488,-774295495
Init 828672493
Init -544376061
Init -429291842,-92619614,-820171087,583389110,308049095,988657179,-916034492,764120419
Init 874139406,477184744,897012811,57090621,123796795,-570813326,805595017,-572550028,-731061691
Init -260368550,-61245921,745570180,-920907218,320592765,-665751693
Init 819778178,338554214,282966200,-762992197,116647838,795224998
Init -591516911,238311962,394098718,595267901,-63995199,-788649198
Init 629243174,361918972,-899111487,657675571,274571655,374404489,-420597369,871093009
Init 398442446,-42523720,-996543541
Init -696588158,469109037,490714405
Init 120303744,800136720,512037297,-566108030,894528817,-186045327
Init 355282583,819837440
Init -123633857,570691428
Init 402649966,-467907881,378531685,-124682660
Init -958918836,-308745485,-893279668,-742547237,674160072
Init 510952300
Init 816936263,453140785,148956624,-334108904,-818309323,237654625,-54495162,680493320,-975231870
Init -876253042,297318411,-827618492,743799684
Init 605080009,-689199552
Init 961645193,91110450,-989692442,-827325353,79181831
Init 708900223,322202067,-512096875,-574517058,408068193,150054919
Init 991026881,-645696903,-6259345,-87001058,530965619,-143787814,-350662328
Init -892451450,-848864035,-974421505,-601353239,332664475,410666633,-843075080
Init -919981653
Init 960679432,-563530124
Init -455132614,-383306268,-971917935,-106509299,472251634,-459561283,-867852349,-569968430,930381775,-519530750
Init 188303337,-34650233,-189432884,854508752
Init -973780105,947886535,457564839
Init 56140377,-555870143,-43864556,-706734105,993855605,-118532379,883774973,274451950,-544001757
Init 651550977,-680036102
Init -674977416,757020545,-310134553,-48594199,-284695257
Init 908185120,667845715
Init 693355516,-317734832,-540034383,488726331,-511918575,732385158,-642291921,-854888127,421378311,-433548411
Init -680999858,236526642,679805430,79620969,374724290,33970014,564285568,-282493420
Init 657321252,513155050,127662227,539419169,-111131659,-396673088,680968821,-119641688,-429557295,-510058932
Init 764904,100348966,154365773,597106122,125774698,-591951473,195761694,816463836
Init 903881639,196740166,-928680825
Init 248380861
Init -578061844,-396251973,153424164,-144566069,-651958103,-653889529,-323808214,-585033121
Init -443385081,592188271,77159523,-339356300,564965439,960327879,122117654,-760938716
Init -634908678,-744159183,7389721,-843138585,-861499580,-64097183
Init -385020684,712119081,444853007,-913465857,224013294,-21810113,260348455,-964467645,727423772,780864187
Init -148072591,899674146
Init -756315180,-136229028,-825618412,295937340,-877822476,-527576392,624956523
Init -588755655,781888658,89346399
Init -161118179,-788668255,-349456404,292555254,323936105
Init -181623409,431292972,290923173,-448792395,295613831,856184810,687668615
Init 792330190,2078877,939838469,718579448,987385201,365581591,645390539,696842559,-174052453,-915456973
Init 343778128,-952414746,217792391,417978535,976164347,-997987009,439433310,-133928992
Init 244588724,788492171,-716999174,678525236,-168866590,-768928542,817452831,-880110644,-889886516
Init 76221086,-372334433,-88047625,-451306882
Init -547999921,84420430,823720684,-452804577
Init 977098299,-499730782,-183475291,-576717615,975098348,-269715111,-990030690
Init 580083966,-40178446,237291603,-976038606,-643993776,-950051871,726342883,776880855,469791850
Init -304281695,897620043,329651992,138784005,-161149939,-799012421,-653889665
Init 898316944,394414205,-597536367,432091080,524452078,-785882752,701279847,-773487029
Init 66461974,-660358156
Init 231535381
Init 663935833,955432873,5704933,687782738,633817952,-477447129
Init 543744009,-673542832
Init -710649561
Init 546774242,412084860
Init 693430772,142866269,580706383
Init 20620062,-833144191,397666273
Init 978438742,231220967,857432053,468638905,-783050465,-569885284
Init 10833628,-457985114,-932503712,-71740989,453138385,620248391,-626334688,-191995994,-281523537
Init 610448281,-332381635
Init 161702239
Init -873027738
Init 706245004
Init 228412746,-904784647,-523856902,597775730
Init 328019890,204737653,-596534466,182735188,-340687542,286668217,-335823744
Init -888018526,450402627,221430298,267995288,-261962768,-799402831,-127401322
Init 108975696,-218819599,-476767892,817649695,691679680,-654881318,-323913123,-523242993
Init -36245229,709031492,340497524,85757122,235732879,859790190
Init 155800650,837873755,-314567895,714054114
Init -384492536,153975409,164079293,185975780,-298262245,-446088969,311372065
Init -881454303,451039900,-628538838,-673950449
Init 641088204,51303902,554236508,786509250,-415803475,262934997,-392917524,-553622670
Init -450267968,-125408763,-652537322,-370271523,-941407975,-308536865,-910375811,779652414
Init 130901738,-505689670,-106440730
Init 50277509,551253597,976869083,-954950767,39026616,-593974150,568256169,-745127921,706835645
Init 201725274,801373966,637520710,851565474,422613474,-393436542,-745073983
Init -834371467,490570835,672361940,-876435153,233096236,869720074,179617803,573529479,-331959609
Init -861405974,430207318,-231923058,-911517590,328075585,-108957151,795395558
Init -938853083,246849559
Init -550424971
Init -135052004,889644906
Init -878910444,695025148,869939485,-641518629,-119845414,-832751720,-392601523
Init 912370508,-650365357,-366241689,-947214170,-816765677
Init -435920522,-765254769,-511376921,562098417,366394446,-591589840,-807827072,398915367,-82192602
Init -735729849,47643897,-468571450,780062480,823389777,531776853,694310955,912586093,619100402,488724080
Init 161755208,172923317,789274667,-995929975,825898598,-819256909
Init 524762930,-637478493,877428099,549904756,136084682,130026760,381842727,407181089,-148976026,-35356443
Init -676120140,633628671,484246337,-616544795,-852179205,-915730155,-161564239,-553798986,-826171964,448774474
Init 134817885,583151794,-165033664
Init 276731834,78859276,-668692228,-880552892,-272396040,554032359,-976850716,-708920788,-219869080
Init -125394259,-427409592
Init 573735054,346154168,58568174,-874370262
Init -377705265,-669362083,57033989,349735031,-126752293,-483347736,303366171,-422014717,666578197,-150995680
Init -372376630,714453691,566116797,465278254,325356673,833545002,-714381824,-564055709,-476512498
Init -341648764,111332490,408462344
Init 550732613,-249668027,-638526448,-824733977
Init -688157900,438173077,-746559990,309037838,-66258807,-853858350,-994671661,680301175,-795289986
Init -90769388,-88682002,-352498204,-663009775,124898151,133280273
Init 838495632,-311212164,-323481768,-998523622,-861296619
Init -230555965,261471445,-279355778,-352627051,-119823421,727959704,-686715899,-574106865,-323735459,274576698
Init 630559209,853046475,-175249003,-305090277,930300419,832550109,244308538
Init 197401085,187163133,454467934,827061596,-108506813,-4310927
Init -723743327,-851801356,-359933483,-947749131,736420769
Init -507350224,-614223723,-292695964,673963145,-912002229,39661827
Init 839663123,622498045
Init -614369624,779884146,963254258,65437651,330024403,9528957
Init -34075795,876742005,142017093,207429865,-328335982
Init -985300206,822836852,-687436704,427693230,-981492275,-408375053,127455241
Init -144451596,-995289732
Init 644928046,-193479696,604167493,435759390,652790734,293376839,-103103800,-717302680,-148063540
Top 
Extract 
Insert 880050442,-789696668,715569273
Top 
Top 
Insert 700334983,581366022,-258276097,697503613
Insert 146023437,472092262,9917994
Top 
Extract 
Top 
Insert -678387327,966957380,306582352,444568251,-333652405,854596891,801504732,718816292,759607264,-104914538
Insert -628175629,479477167,576901580,-693923917
Insert 257242517,-599042505,599326566,-363850512,-666347625,-573913214,-186427409,-111106857,184468430
Insert 590353321,-545295817,396109688,-279753498,988873851,348087184,-941808436,180185717,939668674
Extract 
Extract 
Insert 898018054,-120143401,856272301,110656701,-462631650,-926655861,-335987115,-174530270
Insert 704907380,-845672626,36632678,-228901493,848673706,503280421
Insert 871419152,826654333,340134789,356941455,225961879
Top 
Insert 281052024,947754696
Top 
Top 
Insert 807865004,807242746,-655195105,-84658381,-157248689,-950970778,228148226,11340900
Insert -133301103,-846228338
Insert -196205565,63595652,-618629122,801582976,-142815412,200425906,-457646936
Insert -467767027,212941707,-573570884,357691823,-45041571,648431019,212446557
Insert -845584926,608263794,-122022135,-236303631,669528747,-634688441,247347672,549755237,804499020,-676903575
Insert -479868432,-135525585,960363173,-151537873,718672002,369429700
Top 
Extract 
Insert 561981625,-741165063,-455504334,-249230128,338304413,-936242017,-955152428,269685454,15893550,-937131936
Insert 669039616,-412166983,283406530,693224132,-171214912,184155050,115275403,-772183630,-819991496,-863825545
Extract 
Top 
Insert -681889436,222860360,213091353,237437738,-968202209,530362663,488300707,-36762288
Insert -820084745,787247721,425263311,-43052358,124866380,620728334
Insert -976520989,-384067804
Insert 235568030,526975381,-66837082
Insert -32769353,53119707,-661801138,-595159207,-128106294,-217711860,-414922360,846268613,-623558290
Top 
Top 
Insert 3308301,-143985097,-211059609,-80222071,640002234,-71710266,-138382681,-677982748
Insert 435241102
Top 
Insert -96878443
Top 
Extract 
Insert 162881477,334215380,-683732664,725803577
Extract 
Top 
Extract 
Insert 211521233
Insert 139388570,-526596517,52153233,865735765,-655761555
Top 
Extract 
Extract 
Insert 907107437,595565584,761372625,903499161,747392199,329702193,463948932,937041403
Extract 
Insert -719462510,-387073851,-834125162,356951202,-271550919,-856660775,-998995027
Insert -581614184,-274283020,-351914009,-907430309,227154665
Insert -106865238,249120454,-593059407,-697217907
Insert -30563406,-807556966,-788884936
Insert -165547434,-762332063,896362405,-772435190,847687390
Extract 
Top 
Insert -601889893,-513828348,-483993841,166501430,676171748,-58251089
Insert 185343510,985157929,-769138767,-87537960,-573474386,-277358149,-157335643
Extract 
Insert 262439552
Insert 921086145,220569998,-290034874,596112970,239586929,353856001,750300775,3417788
Insert 402300086,208947970
Extract 
Insert -51840194
Insert -488146244,710953999,-389762380
Extract 
Insert -53785149,767113769,-692339628,878415677
Extract 
Insert 837215073
Insert -982596239,-380129927,696058762,-915896371,-550153682,-19675838
Insert -394679639,776203130,909011394,184404888,-529588584,-171609226,-398120812,111989805
Extract 
Top 
Top 
Extract 
Insert 396344201,-861413721,675348298
Insert 586741840
Insert -652061038,54562193,-936241736,327729890
Insert -832774929,957361283,234738765,195464577,313962318,327366420,-884241587,-394076462
Insert 452826001,773195228,581563071,194943557,183207227,-35501829,796872232
Extract 
Extract 
Extract 
Insert -405741846,-730434844,278107075,-48937912,-78218157,-82020656,-659083010,910277282
Insert 972198679,538312657,798298382,502785126,352165416,878852467,163506239,257716959,214968226,-813935452
Extract 
Top 
Extract 
Insert 75301300,-170213033,644102810,742579752,-425149563,-730455557,-399331492
Insert 423967705,686674839,347069756,975555561,-645883619,-417362610,-874248576,-571985240,-493961059,-496555812
Insert -282678271,139210116
Insert 998073503,-298469393,672468095,-339607652,125798139,538581431,-33255523,805904187
Extract 
Insert 312596900,-299386327,382855228,141047846,646520807,6436384,522982286
Top 
Insert -9162430,-307203726,786953152,-116720039,-828332910,-466526153,940044415,-632225844,-811103854
Insert -155231014
Top 
Extract 
Top 
Insert 331221908,653912537,169462236
Insert -383384591,563978008,303798013,-834717774,899392925,-617076766,-128437354,207220634,159990586,-144705198
Top 
Insert 275218785,-54289982,-617956699
Insert -256700683,-723646448,226967859,673649781,-474291129,-143806157,290151751
Insert 808047289
Top 
Insert 884849943,497877835
Insert 267900461,-350490016
Insert 810566605,892222156,-42778865,600917956,862293841,850469555,-279875112,171510672,272932171
Insert 883212720,-255087945,-499230668,353542179,-788832492,292345652,-103797117,-56934041,-153477059,-736105255
Top 
Extract 
Extract 
Insert 594510739,-878414818,-443117134,-609001097,-782534517,-399048209,955817756,-444060788
Extract 
Insert 791080999,839958626,-280808322,-961497437,572773531,507658285,916114551
Insert -264044478,-733604843,-501110786,551169702
Insert 442986145
Insert 476975135,76381398,647600217
Top 
Insert 844924022,-794355851
Top 
Top 
Extract 
Top 
Extract 
Insert 901238053,24521472,931744762,-778587802,-267238879
Top 
Insert 280750862,-276058067,-399598087,8734573,719482704,561767140
Top 
Insert 515231658,-567820947,654362525,640687616,214266145,-67886873,-969464761
Insert -889861839,-31467123,457071358,-944281847,474779084,471769626,-114692722
Extract 
Insert 634526856
Top 
Insert 792595593,470782270,791950409,15282574,-453127191,-113224652,-391542597,-607701477,-254690326
Top 
Extract 
Extract 
Extract 
Insert -614414104,139704513,26871031,165937435,-544135773,-722664854,905160220,-981709954,-748705184,-990003188
Insert 968399733,515868951,506446824,-504234416,-665127059,950249085,-985994184,756477389,-864039336
Insert -335630120,69638101,314189680
Top 
Top 
Insert -876634558,601481139,478935835,491993162,-457810744,466216448,485981433,131282536,-891477013,509300488
Insert -851253687
Extract 
Extract 
Insert 934746630,-106132038,801084792,-833854359,-202647723,-822568779
Insert -649056168,-940048513,-773904805,896670952,434187130,-214265226,875752963
Extract 
Top 
Insert 152981070,-73797253,-367187180,-113132012,558390050,844032529,-704646287,985320360
Insert -242907970
Insert 507732653,-394915548,248862816,-502865277,-668460660,606478215,129420634
Top 
Insert -256262280,4001678,111997682,-534116544
Extract 
Insert 723115862,617921074,-296457139,616504385,366234775,126595072,810731968,-651757206,-294733859,-123585617
Insert -475845000,-810332595,-861069857,531133703
Insert 3849578,-361883253,974462494,-764749125,-655460795,527653887
Top 
Insert 755251237,-717552910,-598715801,-901349524
Insert -660890903,535600357,-514897037,-263194598,-74246720,-331619016,165780222
Insert -242098645,-412402878,-79139048,583560800,-87307478,-517312070,-4015709,-830945793
Insert -475381564,298781980,887183676,829046998,-355639380
Extract 
Top 
Extract 
Insert 553430891,-895851141,-276351634,-703482816,-480947145,-210340773,-272130633,-339356670
Insert -130925868,-704564979,899749069,419725782,-523811909,829172133
Insert 644289423,832719043
Extract 
Insert 250988025,-562907780,928613699,239179491,643236419
Insert 546229147,-542102669,270990297,-222567942,267718160
Extract 
Extract 
Extract 
Insert -683297113,-267257739
Top 
Extract 
Insert -880103990,-140774348,37615357
Top 
Extract 
Insert 232147247,-967488742,-91734171,570771247,-645324741
Top 
Insert -889713358,-368680747
Insert 92096100,206853614
Top 
Insert -279194294,-403303870,235612931,15355839,-224397983,478396344
Insert -218689229
Insert 109405402,259826250,-347128112,239158720
Insert -975737965,-71153665
Insert -394173868,-118826007,512301350,-829839434,-500627277,200548592,-810324255,547750459,-385847469
Extract 
Insert -276045265,-231940328,-565588533,-309808006,-931983901,293124481
Extract 
Insert -689625897,633404541,85040233,-977275464,-612732832,303231852,275331699
Top 
Top 
Insert 352649627,-227969624,-49590224,-798154242,-849953087,805697070,339617127
Top 
Extract 
Insert -272158575,-817276422,-650350701
Insert 521254449,673183778,-445811613,912667212,57380803,-365104837,253339047,45173453,-896522675
Top 
Insert -179144205,799158068,891364323,-26202592,-527306408,913931789,776554178
Insert 34788178,334000436
Top 
Insert -734677050,-430499844,-523795028,-769448689,183359276,766483683,157528585,-763716824,296732014,748937427
Top 
Top 
Insert 535701410,139301265,532690468,-694585540,916419800,390385689,915752545,-529769884,-199443115,845380251
Extract 
Insert -34299941,-630732432,352735449,-682580100,296805938,338687054,100943989
Insert 893125180,237246785,-56353573,-288668368
Top 
Insert -405832087
Top 
Top 
Insert 801181009,583387569,174585225
Top 
Insert -667482768,929165620,949176887,57840256,289740622,559586785,-952794070,864162270,-198250088
Extract 
Top 
Extract 
Insert 570616814,627385787
Insert -680509584,107567901,-694314163,458085496,-592725999,-255333488
Insert -189115576,86103214,190358218,302805659,-863437999
Insert 870219963,357439734,901266410,-898110535,-928473092,786458479
Insert -194819179,403897851,-961320128,573915858,233635855,244686754,-565458914,705706112,-632495329
Extract 
Top 
Insert 192808420,960396145,-347036042
Top 
Top 
Insert -926734660,-462392184,720026727,106311550,-794449727,-274545894,556678181
Extract 
Insert -354912222,-849196370
Insert 396613382,-142013231,218329476,717894196,-924775609,886210891,417888932
Insert 65218713,-85243273
Top 
Insert 259932263
Top 
Top 
Extract 
Insert -967108404,-881740306,231041571,-890739973,160599175,979134373,782217466,684840882
Insert -119816254,-996585204,-25592678,240389433,-958566628,837276032,138930770,823032534
Insert 991846245,-650244981,766336229,307351766
Insert 602610989,289241007,386722036,106433179,129431980,202929415,-720407031
Top 
Top 
Insert -535387821,-787703706,-224541113
Top 
Extract 
Insert -741299956,-737743156
Extract 
Insert 368682624,330369371,693998182,-436411013
Top 
Insert 320578340,535928558
Top 
Extract 
Insert 598401859,-936984654,-315945378,669886524,-22555210,-780864885,228454231
Extract 
Extract 
Insert 486313459,-967483066,396441650,-509005684,-655719841,186683874,339098507,92228401,831073115,-491237646
Extract 
Top 
Insert -251489495,-7163728,-788906460
Extract 
Insert -43511761,554700587,980451633
Insert 846424087,882790482,987983226,-452955379,144701445,-866469257
Insert -98423599,871141921,619691934,-626300192,-840802349,279471455,934588178
Insert -333637010,807716750,-379483827,-501201780,-100052159,906550527,359407142,607239402,164149588
Top 
Extract 
Insert -862316176,129243803,825144791
Insert -312035586,972626615,-483833704,-533633386,665251317,-653992774,759510386,891640997,119501300
Insert 319861446,61566186,-529235773
Insert 999023071,77475008,-271393705,-53032437,-111130995,-615875448,-647761522,445542436,-264134495
Insert 710159253,871505145,516769027,-143387021,523279464,-219635771
Extract 
Extract 
Insert -645060491,-506887254,379948184,96264021,-952956810
Top 
Extract 
Extract 
Top 
Extract 
Insert -556200099,443111802,-944062570,-272383465,988099034,50779300,894199630
Extract 
Top 
Extract 
Insert 30807379,679466765,291328527,442962236,-469842891,329286175,-383197226,-994944299
Extract 
Top 
Top 
Insert 145286017
Insert 263723294,-136469214,-631941759,-990212893,-444209879,-263528796,-870680313,-469206968
Extract 
Insert -711457099,86899763,323552267,-261839032,181104752,214969079,-665202944,750436055,526001175,551653956
Insert -915657825,-153126667,-392717072,-715732995
Extract 
Insert -902279913,969055940,-916071926,-814350045,809735197,-212523917,-638251679,-70103465,-66469932,966165169
Extract 
Extract 
Insert -611193328,170750278,-259618025,-280707896,751405507,-240249752,-619011310,-795248598
Insert -828088326
Insert -543891597
Top 
Insert -708608622,-135725379,-51064646,472580755,-261345950,877754770
Insert -257323690,7920611,488610389,366526916
Insert 207301103,313368412,32078206
Extract 
Insert 593688126,-951174569,230951566,-875570596,-802445026,-739937992,-112902077,-44970323
Top 
Top 
Insert -229600935,-54888936,-562971926,94694406,728955699,826510309,64422365,-385145474,161847383,220191911
Insert 183122595,-428581409,-9366364,-903809850,237441951,-637290832,-945128986
Top 
Extract 
Top 
Top 
Insert 730628902,139337875,225327515,155249815,-808256884,192157764,-806822161,943787437,-387255735
Top 
Insert 933867732,962038507,-303318153,590997106,648147364,-130480981,20138685
Extract 
Top 
Insert -601229441,-596704599,156659032,-730420308,-229913000,67718069
Top 
Extract 
Insert -901715264,62657263,-952891870,258579261,913854051,25345163,619827412
Extract 
Top 
Insert 916657246,-373548282,-299269817,485391186,-140673824,69819319,752849681,158241663,-155487648,-577928884
Extract 
Extract 
Insert 858181198,-352336325,-753893052,873279030,-423787608,-25097998,116159571,440933676
Insert -911471662,-577485071,-130601373,416849198,-884152592,-479396179,810286792,2506819,677737006
Extract 
Insert -653900430,233708094
Top 
Insert 427090481,-353960586,-95107019,199340474,75451093,267047054,889168657,338041656,-33328238,39889166
Insert 510272879,459585466,-463098929,925375518,-659827549,41820550,-841752808,325813671
Insert 258033671,124858201,-496322336
Insert 659296747,-845028070,-470277577,-917629997,-241389894,-535320615
Extract 
Insert 591565768,-547061081,-866828096,-348742778,41006040,498872895,43703924,-822477697,444807125,-128506722
Insert -901742735,-823662712
Insert 487754270,-661160383,125888408,122213195,-363807168,825200800
Extract 
Insert 533904852,268547920,349433365,324534505
Extract 
Insert -375882640,412407715,966374424,-773829500,114182783
Insert -12583822,584640849,169499672,183228831,817981549,-346919941,764908659,323140304,-423700449
Insert 447740568
Extract 
Insert 792925549,-334147146
Insert 960016245,550389691,-150381455,528570238,331282263,-132712446,120553040,63670
Insert -257616485,198631617
Extract 
Insert 614738644,262035979,-258444949
Insert 572366144,-322056063
Extract 
Top 
Insert 969188011,326111784,231332814,805697859,-573659156,-589260666,-26248989,516510775,995828345
Insert 490037368,747904439,954056624,-456233058
Top 
Insert 584081445,-190920497,-898159117,-226496125,-972895734,958254760,-949046270
Top 
Extract 
Top 
Insert -874304775,-260327011,-711598454,495374721,898842065,833257762,-11694161,-319434854
Extract 
Insert -210740691,286040488,-379770143,324946269
Insert 352358538
Insert -123004475
Top 
Insert -220886315,-727018102,-458123956,960566868
Insert 945803554,-54170530,-272939115,495996870,-139871014,-317397947,543484097,-148820634,285280268,-770639052
Extract 
Insert -288840475
Insert 967627774,-456752347,-762748681
Top 
Extract 
Insert 883787832,-279223012,-995868875,610832394,-865688109,-412712912,888575339
Extract 
Insert -280615060,896229675,-550641529,736286997,-180943673,219315166,-184440518,-924244518,756593182,-418080146
Insert -111819047,-703147418,-112069729,439488253,937269230,-678767900,623732505,-673219383,502338744
Extract 
Extract 
Extract 
Insert 912457594,-804870286,112478222,342337030,347339404
Top 
Insert 584319366,999549138,-660619086,890008826,517331744,-232719307,-174487498
Insert 677129743,-902847215
Insert -292531768,868422893,283182755,654050868,227098716,989479411,-16706975
Top 
Insert 51006491,-644475228,-214950812,-642895578,380366069,-307391002
Insert 907646230,564221594,-634899209,-651099037,739355652,749506236,-160847240,119356185,-723223914
Extract 
Extract 
Extract 
Insert -920650753,592745385,244584277,477662704,670357615,79770877
Top 
Insert 960923425,229252790,-684518304,665116598,-578450887,105666225,473297163,563486307,-48424997,-55769095
Insert 236208666,-823748112,-141821415,-335801010,-623054880
Insert -495366420,-151811306,-430915239,-928255833,851355624,-221084905,-939906290,642962855,-637033214
Extract 
Insert -21009967
Top 
Top 
Insert -398051958,38448150
Top 
Top 
Insert -740064042,-226623527,-659225,-470397896,559540835,966624868,-66478670,-371882549,292125466,612323845
Insert -493064139,554146173,-671266137,-333186742,-376041325,170709741,572792661,398333690,383042477,-282405331
Insert -839475726,-735160316,-440560121,949205963
Insert 503060875
Top 
Extract 
Insert 405237926
Insert 479619803,966344424,168898059
Top 
Extract 
Top 
Top 
Insert -426184286
Extract 
Extract 
Extract 
Top 
Top 
Top 
Top 
Insert -823574034
Insert -177825649,369685634
Insert -989482790,-323511054,255928937,991090868,-624402349,381580348,337783787,-195105049,-51186024,497847237
Top 
Insert 880683863,648190125,542780151,-113274407,724270238,317630517,846794475
Extract 
Top 
Insert -450557408,-98466192,-183755789,-637890508,93927002,473503462,583794929,639883085,444926620,-581342447
Top 
Insert -168158746,11186687,321304490,144923807,-38965331,374957673,-802793959,-66850419
Top 
Insert -217412888,64208997
Insert 199825780,-802834787,-833402978,-622876356,-37912974
Top 
Extract 
Extract 
Extract 
Insert 563507244,-495846360,764600552,-849183108
Insert -910566571
Insert 877805918,171081072
Top 
Insert -350728929,-163777593
Insert -475240744,-577649601,-737810182,-252754257,-512334152
Insert -987509754,510481954,-508962084,-566173117,-686886818,-576451421,358353997,245600897
Extract 
Insert -727535118
Top 
Extract 
Top 
Extract 
Insert -85150512,115508554,-862240771
Insert -383054003,974694763,-46262527,-473568539,667925726,458335634,-682860905,982702914,-714075073
Extract 
Top 
Extract 
Insert 59381983,-478368970,75852133,-612319489,853870061,319753580
Top 
Insert 875042,-919667318
Insert -698131778,-672889619,-501279656
Extract 
Insert 513862918,-476076796,802479841
Top 
Insert 873661134
Extract 
Extract 
Insert 779553628,1057399,303179765,-404686006,-253685282,-358302901
Top 
Insert -889243176
Insert -834106588,-557098164,-240881723,-82721743,390488788
Extract 
Extract 
Top 
Top 
Insert 994590417,-834373710,805682909,-23924844,-376229050,248813361
Top 
Extract 
Top 
Top 
Insert 784330138,-182400849,-674638360,889072830,-626606804,628416716
Insert 523263720,-453929676,143770571,952668175,-832336922,-255746740,349452725
Extract 
Top 
Top 
Insert -674319893,-139464357,-951880407,555834261,419129883,329166509,-619799762,867910766,605628991
Insert -16568185,469727383,550631073,-178545174,98947970,-80417814,180557550,831090617,-949853434,-589915881
Top 
Extract 
Top 
Top 
Insert 540080338,349314099,-164295514,344648498
Insert -233760968,362051870,-70301173,-992211063,22484530,418692292,905501909,-395377244
Top 
Insert 705209676
Top 
Top 
Top 
Insert -605981537,-213818510,-8975076,157297181,559731402,364498885,582444050,532013561,-797482696
Top 
Top 
Insert 237803610,852612494,222941886,836503690,762892991,-639866457,54303917,213988252,-259806673,-710606014
Extract 
Top 
Insert 320221872,-278373230,228012995,-839161971,-570359726
Insert -950446244,-944646621
Insert -530236760,-447385190,-871963688,801423811,-670696432,145762214,-583540907,649784318
Top 
Extract 
Insert -382371342,402150202,635845082,-745977032,899807476,-324040770,529947758,-361987834
Insert 958918126,517637598,-775683282,-401457926,-841260162,146015780,66722202,-580146234,848079442
Extract 
Top 
Insert -70042848,-211215443,908802699,-819878116,-283748388,953595656,738683249,98070139
Extract 
Insert 230331637,988719684,-382144564,747204494,-267863258,483791864
Extract 
Insert 785388773,995933364,-818104856,107555160
Insert -198726120,-180273891,-247209788,181692007,-135283996,556651872
Insert 637369768,134575424,-425650377,-947591332
Insert 498911649,370723180
Extract 
Extract 
Top 
Top 
Top 
Extract 
Top 
Extract 
Extract 
Insert -798563644,-29009467,67776305,-556037424,-96481139,610491248,752429312,469369205,-826636682
Top 
Insert 918278799,-886889190,-834603165,-525647096,516253778,-435412272,-731268632,885178875,535240960,290376160
Insert 213327072,769943919,-927247752,171222854,653993071,-764666400,-668425313,-32634161
Insert -313041850
Extract 
Extract 
Extract 
Top 
Insert 816790642,74997883
Extract 
Extract 
Insert 877739815,-62277299,359538351,-402309146,-40307199,-865471300,565974341,634205464,295156406,-439121372
Top 
Top 
Extract 
Extract 
Extract 
Top 
Top 
Insert 43385067,737205069,-574579175,862072117,-214185017,307581820,-341555668,179175709,448256306
Top 
Top 
Insert 237512645,858881434,-323354300
Insert -831846438,150648904
Top 
Insert -534412296,665827939,347587058,-278715056,-106683381,59452904
Extract 
Insert -239780404
Top 
Insert -586584224,-497861397
Extract 
Insert 826119798,585154713,49602570,765337425,376087968
Insert -962232188,-699975599
Top 
Insert -347070458,-416240454,13083158,744840130,561233276,853789759,-309658810,157974113
Insert -347661717,476449301,458947362,516100412,379917228,-33230368,-443155790,-127306589
Insert 633008735,-962296211,-963376429,341106586,-620732379
Insert 506664465,464312550,554031960
Insert -949766165,-988601175,776599716
Insert -571748035,-632013295,-267593646,-256801621,655517471
Insert 749807483,-363842837,59185614,-477446833,628394818,-796103775
Insert -283721613,419871873,570958074,-367248259,207129862,-670760172,-382914305,134014973,-945673339,576365859
Insert -179598425,501065388,-506889144,-148401885,232373233,-566668587,189660056,-581091697,-866743044
Insert -434836974,110350602,-127853648,801006676
Top 
Insert -764711659,-852510236,154055218
Insert 133321259,-434593109,-714809806,-827088917,611425529,-719952098,-457203790
Insert 296789387,-741843063,814972930,-757332385,498977863
Insert -11335083,148067870,-907069933
Extract 
Insert -211884376,538100635
Extract 
Extract 
Insert 585015442
Extract 
Top 
Insert 208882960,219332786,137653973,752281971,512747924,-3110452,-384729549
Insert 484942205
Extract 
Insert -805857926,-277581081,-365540725,340302235
Insert -946159516,-167275577,165832116
Insert -349814965,537331789,192485001,194355771,313135884,706559769,411656178,670125951,90846952,-696296695
Insert 212244862,-208243772,254242441,885877252,-655247945
Top 
Insert -546261066,-536799619
Insert -616146061,981582317,-794059080,-491399118,52559459,-556283927,-883090310,-892395143
Top 
Insert 358223002,683755097,-113912757,-707079349,300114337,356920928,-235982162,-982105600,-95712997,-966842770
Extract 
Insert -538260927,99119157,-948532614,-526531094,-859002551,-878110804
Top 
Extract 
Extract 
Top 
Extract 
Extract 
Insert -995082743,-578177589,240461752,561624595,-622302781
Top 
Insert -746854238,-160067985,329204191,-231971444,310529146
Top 
Extract 
Top 
Top 
Extract 
Top 
Top 
Extract 
Top 
Extract 
Insert 744962591,-629683684,-497512173,612233064,467094115
Extract 
Insert 399973350,169311784,731278310,655339690,982671461,-721276604,-742438924,469089348,-690229984,-542654549
Top 
Insert 863524005,946138512,899948260,-432154828,-261978519,-941864801,534344869,472660049,-7882416
Insert 804437747,-583921894,-626251898,796202080,-721141068
Top 
Insert -234409946,-965676481,181158729,-679476664,97818921
Insert 275516113,695705531,-175765462,712427206,62813815,-381678299,-227022360,659137712
Insert 310334691
Top 
Top 
Extract 
Extract 
Extract 
Top 
Insert -456051893,-707591945,429172479,-767163585,-206985837,306854340,-556545907,-214843490
Insert -470584596,-682641605,-829615509,324914092,479635752
Top 
Insert 772356007
Top 
Top 
Insert -794600878,-284355870,-578318504,193237557,182241071,-274401708,94811195
Insert -509855881,-990621882
Insert -243548312,347440254,82989209,99823292,-699524187,-285578072,356486544,134833547
Extract 
Insert 546989618,989956524,31452975
Insert -480843848,580221452,140458988,-929132781,114667200,-457091983,873957509,680783016,294849255,-471429480
Insert 409957659,368321987,-457515029,523929140,846311157,193318014,847102677,363453977,541724464,917051194
Insert 750263914,951201592,-300026474
Insert -940041161,156793241,992635365,-447033823,-522035803
Extract 
Extract 
Top 
Insert 477982883
Insert -656806435
Top 
Extract 
Insert -747983448
Extract 
Top 
Insert -500818766,496056585
Insert 811872219,371000826,883814916,-903722221,252276279
Top 
Insert -401636952,342269686,140135549,-843347647,-968179056,585193944,-444770927,-490797665,351093188
Insert -928217189,663365118,-974232428,590081241,767967246,-177901636,-780778623,-526841531,-847323944
Top 
Top 
Top 
Insert -945516043,348301827,401190202,-933059932,-522438971
Extract 
Insert -293949328,82316795,-134952028,-732935571
Top 
Insert 921686230,-490441651,522934722,175446473,-444437097,-475648962,795614199
Top 
Insert -506447367,714907199
Extract 
Top 
Extract 
Insert 74602257
Top 
Extract 
Extract 
Extract 
Insert 99762025,615029838,452794620,-45070867,863065993,-329465502,-957575131,287654463
Extract 
Insert 501500101,750335176,650739433,234880209,-200544584,384733978,-386003167,399658969
Insert -997344294,-336152568,-216033680,-515657543,-528587683,74054443
Insert 18832815,-799029395,130782464
Extract 
Insert -939112740,362143747,-281626570,37751838
Top 
Top 
Extract 
Insert 480396623,103435902,-535699982,-613763921,937254498,-121308564,849669976,-669674042,784271302,-83957851
Insert 211579142,397525488,-443574309,222569631,765676105,-469420946,268549612,345131768,-277308939
Extract 
Top 
Insert 763310531,-888734252,57184289,211114055,-227616701,9046422,-427594987,284192349,839332237
Insert -971107600,-813337082,-209854958,-118957955,924918598,466541778,-380600312,34072474
Extract 
Top 
Top 
Insert -497136406
Insert -449347043,672529472
Insert -547461742,-415562053,-676654188,364833577,890995127,-41593318,863107076,662558888,749839664,30061248
Insert -890311873,581030794,582567573,964904361
Insert 901101619,-760131597,-223195129,-785850612
Insert 591741306,-189689525,879997740,46845715,562595264,-237899809,-48185216,646941504,692776163,335819831
Insert -536433458,-314425363
Extract 
Top 
Insert -431569965,501579022
Insert -91139917,215141390
Top 
Insert 772732433,898962314,-110568461,909156693
Extract 
Insert 912361728,-901757555,-44245448,969567484,41075485,795771926,508817964,-697493079,-813757072
Insert 474474910,-973094385,-894297770,239882653,-399282847,-22334222,45349875,958534433,463513586
Extract 
Insert -675150724,299368760,-720790485,847808849,-711469648,-685610363
Top 
Insert 967187835,958356764,329456710,380992305,28301483,-913439841,-829029679,710450940
Insert 15185894,397076477,475195624,-729227799,965106280,-123518794,-239671966,945132075,-258331202
Insert 941797090,931699323,965545887,-219821642
Insert -962903073,-195609224,-972168302,230223688,940275371,242326344,973428541,-755933048,-973678177,951125676
Top 
Insert 869139221,-450258563,-428378592,278514212,-775853350,479497616,160738699,560777643,841661734,909228835
Insert -35737125,2077570
Extract 
Extract 
Extract 
Extract 
Insert -378609077,74936368,752931793,699421534,833601114,278827399,566311113,980635643,301675423,-990467960
Insert -514490956,-541402709,-425273445,691556331,789441131,969927298
Top 
Extract 
Insert 277082893,-450863804,488449996,-690979172,585398400,366585850,-682890991,669772945,213685330
Insert -150400788,916253515
Extract 
Top 
Top 
Extract 
Top 
Insert -899664938,-552252032,352690990,-764353833,667994764,310186144,641026146
Insert -610757011,200519547,-305718161,-652310992,512348133
Insert -78514729,-39126260,-433112670
Insert -872369626,368596614,-208576221
Extract 
Insert -45219720
Top 
Extract 
Top 
Top 
Insert 896017146,25599630,205367010,536173062,154454231,619222617
Insert 456681707,487633239,588915785
Insert -200150741,501835475,183797246,788153218,230684479,-553013381
Top 
Top 
Insert -889132101,315596734,920142785,468567825,-961600932,936163553,374048954,228181048,-762374627,-689423141
Insert 359038058,-13571881,49493747,476614286,812893680,-921732449,-538458689,-913795813
Insert -632136931,406588137,-495362997,-48072111,223224185,-707250576
Top 
Extract 
Insert -628091623,-275855135,735765368,231875905,-652320675
Extract 
Insert -179568603,-471550227,200954440,-50903453,344830309
Extract 
Extract 
Top 
Top 
Insert 913514512,140028217,462313526,-210905185,396465982,310753591,-681136999
Top 
Insert 538604046,-209646088,213642850,-183682547,100338288,987721132
Insert -652110189,-740039696,-595158723,-87262233,-133441606,-299690787,-361578278,19430809,-875329083
Insert 826404452,513170471,608656160
Top 
Top 
Top 
Insert -595384898,443067477,-98433519,-986639363
Insert 368298071,-455477179,31270114,368410759,-976342295,194764760,-883145761,931185372,356891670
Insert -700327794,618187530,-348336127
Insert -504706294,896255729,-837858533,-90227200,-155150621,587319505,-359984810,-29273205,285068275,825018542
Extract 
Extract 
Top 
Insert 384739695
Insert 498711575,-75312808,957925087,955070439,440639195,-151735252,-772625851,-71940726
Insert -245864478,76849019,178227357,458445970,779263048,-599592797,-786986146
Insert 442258126,305745420,-31371303,-752171910,966031734,-700832441
Extract 
Top 
Top 
Top 
Insert -476696878,-236705745
Top 
Insert 536258394,-570594908,-866762210
Extract 
Insert -831412794,-306207399,-914893311,756366794,-841476147,-419421847,-393218009,-758432342,-473029200,-635304548
Insert 717961296,623605856,793933314,927791669,308881199,408991480,372935356,-543431789
Top 
Top 
Insert 264975586,-921595060,-831591409,-476842492,601759672,-889627774
Top 
Insert 670131973,-943979941,239839392,843348124,804294968,73208547,-454696985
Extract 
Insert -302264170,-737603536,-293435651
Insert 933137591
Insert -950816902,-628613778,-965085050
Insert -708102680,-168457290,-539121792,602668203,-591065459,-59152288,990421659
Insert -494315705,51255257
Extract 
Insert 414869096,66654199,-953480083,853397368,307183624
Top 
Extract 
Insert 613236033,158131843,-832045829,96121843,-304979983,151697110
Insert -349713435,-280323289,-448942515,-64609496
Insert 884432599,-98753739,182486911,514020303,683547007,16998408,985602712,-231933438,-669480346,577430231
Top 
Insert 568974220,536148420,-837082995,-307134544,-150586482,883948176,-74539385
Insert -712260805,395034287
Extract 
Top 
Insert -502563567,482960182,897254001
Insert -875391729,-214778607,-152988528,-793765820,239476519,923999507,766374718,177137907,818432683,-376204639
Extract 
Extract 
Extract 
Extract 
Extract 
Extract 
Top 
Extract 
Insert -316065857,500641158,-55866190,-583385688,-784739069,835157210,-221489893
Extract 
Insert 119437562,-406120223,445439542,-314720024
Top 
Extract 
Insert -195276573,-680591756,-196354428,964559042
Insert -356246380,704927462,845353601,-882902576,800767281,211665447
Insert -646335417,-147385018,-791111063,693531047,566940369,623153599
Insert -291611777,358325049,-645544004,454069683
Insert 881867277,473016415,-711082794
Top 
Insert 522814702,-177611871,-390533810,-786483807,-535804712,-181021810,972897388,-441021215,-958577867
Top 
Insert -505076822,15725541,833351529,-805884417,-379332798,-194487397,-915839241,-342562555
Insert -371596838,386019170,696828890,895262503
Extract 
Extract 
Extract 
Insert 992259476,-659574650,-39104095,778414458,-867120481,880530623,743766785,234235706
Insert 405053971,-902498710
Insert 29053728,904115404,-821860844,-429204224,929642645,436700459,-915871508,-567663714,768470564,-682781926
Insert 622738664,991930473,74891999,741519415,729115083,-917107850,-172128939,-261739725,-877016254
Insert 631792033,-328710136,214289757,272305526,214199739,-531328020,-672151374
Insert -142513617,307102739,-534878222,278963122,571061555
Insert 178024720,522413762,-483338693,565384042,-505232260,420702175,891029933
Extract 
Insert -783372800,724524090
Insert -549258908,-183065827,559228986,645196105,978010775,-306895678,968699307,76366927
Insert 554985529,-292316456,-595456838
Insert -719191669,944632943,320658513
Top 
Insert 440444808,-511398950,-691725866,484081753,715877247,606852085,791284568,-234284884
Insert 93709653,-438950822,826384679,-246839304,551464084,-737146523,-973819276,638633182,-788277396,961252593
Insert -695819143,-15259229
Top 
Insert -511697764,95112796,-442474635,291879169,125161369
Insert -484150190,931115242,935839083,134000369,563850755,-710539406,-628233812,-941511595,-164779266
Insert 369525438,414154227,83386546,-476874900,347031580,807839282,834728371,-514817171,471003032,556667658
Top 
Insert 360421292,-921577546
Top 
Insert 736381657
Extract 
Insert -568972975
Top 
Insert -71498737,665104601,372595307
Top 
Insert 549912356,-272733158,963817893,-583491631
Top 
Extract 
Extract 
Insert -594833606,-387620434,-991934868,-492657439,571213760,-101842588,-100095007,-904172357,308159207
Insert 452176055
Top 
Extract 
Insert 920618312,593944133,-828943188,-511179092,247482184,-992268059,-670629092
Top 
Insert -269364959,-314765840,193517061,834576562,-730894926,327649231
Insert 853520316,96147228
Extract 
Extract 
Insert 170349914,934693052,675682453,-322788930,-692053863,915497285
Extract 
Insert -775514639,488471653,-849340687,-935173878,735490825,-677371653,-100209419,394298675,68224909,-838460229
Top 
Insert -111336771,959943549,-278955336,144189102,371011592,-696522138,-557392542,550439885,-722156386
Extract 
Insert -150122071
Insert 796026386,-664295441,-122979293,514692592,-738030186
Extract 
Insert -463040286,483007757,810521126,-20686196,316685779,438201525,-436374367,-760391273,913162879
Top 
Insert -780757399,-276482197,179109600,-902575734,-891192022,185408935,-396654007,838876642,48689391
Top 
Insert 47612658,-110409031
Top 
Extract 
Extract 
Top 
Extract 
Extract 
Top 
Top 
Insert 472964835,385901663
Insert 767467919,192929360,204670921,-334053291,-634755878,524565456,-577523710,-256598791,907442041
Extract 
Insert -157075020,-209010624,292538029,331982662,549941741,791509103,792169663,-346900298
Extract 
Extract 
Insert 476405229,-549528305,-349320134,-549316732,-225160158,498496034,-196883357
Insert -114193315,-397115139,-648203360,137798920,467814744,-832403750,850136708
Extract 
Insert 36146591,-277351347,-188108931,-659679361,-370974595,-805636694,-757634890,-323677526,-13503723
Extract 
Insert -74803042,-324694551,904476984,-644750750,-643837358,345844575,943705027,339895191,689107385,-717614046
Insert 24510566
Insert -290846212,-342938148,656733393,-524634120,158355698,752463165,854087037,-216400442,-76174474
Top 
Top 
Top 
Top 
Insert 169942360,-481970165,-82059894,775715150
Extract 
Top 
Insert -434973116,-721127004,-999448707,394319272,-653443792,-268457606,334489814,897212764,-504971170
Insert 244102925,-758863410,-251968669,-748818262,473399624,559516363,92335414
Insert 474221218,604481894,-30973883,562270162
Insert 366658410,432381074,969781679,-383295408,774683898,-315949907,-349406997,-971203337,29339067,-384312308
Insert -932301739,92194928
Insert 631305688,-525803571,362178797,92167561
Insert 722350758,-140116095,-531325713,-214600721
Top 
Insert -728120327,-14171124,993443679
Insert 110087050,508172973,-79771974,-207146251,395490975,-534011865
Insert 537420123,278926045,295652789,-448939493,-427841589,19708587
Extract 
Top 
Top 
Insert -121546030,-634674197,383582234,958563217,-864600478,82073217
Extract 
Top 
Top 
Top 
Top 
Insert -530906089,555786359,413446538,612374635,142318037,-74687268,-324342009
Top 
Top 
Extract 
Extract 
Extract 
Top 
Insert 130499052,893445094,-386984719,-626842535,-229267324,479137227
Insert -315811821
Insert 640149874,829523380,-70700927,-867870876,-984915575,539756467
Extract 
Extract 
Extract 
Extract 
Top 
Insert -223795060,85917221,246093833,840708943,-822444290,-169287908,536475956
Top 
Extract 
Extract 
Extract 
Top 
Insert -357833499,-654271924,-874996652,-126248628,-941573644,822605758,618168819
Insert 641784065,-614997480,-148473958
Extract 
Extract 
Insert -35985391,801957771,287205089,-202405528
Extract 
Insert -925510304,-7339129
Extract 
Insert 182447518
Insert -561536229,-240153036,126145353,591055413,108567667,389546801,997444247,-762982496,905510472,-65270587
Top 
Extract 
Insert 260594896,949539794,-570954491,378969225
Extract 
Top 
Top 
Extract 
Extract 
Insert -183046334,389335006,375906488,-461604654
Extract 
Top 
Insert 642133407,965130520,-462268680,211414204,932186608,-383439928,-883179231,732254806
Top 
Insert 990163316,-291515920
Top 
Top 
Insert -828115151,723165156,-695790914,-750856197,133929382,-352885435
Extract 
Extract 
Extract 
Insert -601791853,-571557428,473467361,-377095152,658628021,-729499622,-15743606,-218109499,-641195845
Insert -592088021,404839630,-702422243
Insert -924062219,565934,200732715
Top 
Insert -260846896,274530949,575283420,640502771,677901649,-909028556,387281566,-817548087,-339357332
Insert 919078831,711338212,-980272659,-575169111,-470228215,-517065209,18064616,942084041,-24343281
Insert 609300591,-134865135,-999819831,463476704,985456449,613763900,180277174,337353867
Insert 247335613,125709285,-657979113,517223282
Top 
Top 
Insert 655545746,-929401534
Top 
Extract 
Insert 679666675,-439483374,-627742282,362457833,959410566,388109842,491359859
Insert -223643022,-170591294,245847204,-418033112,747988774,381092230
Insert 643071488,-464850746,-331022340,-217560431
Extract 
Extract 
Insert 65575081,-351219340,-278789274,381861678,-815980152,-986732991,-747987275,-15408181,-218334738,391889951
Insert 88744232,-182417343,729546127,-882638781,-187060210,-54396434,-530225327,275074206
Extract 
Top 
Insert -698567222
Insert 957665924,-329993769,82272786,500493973,57725242,-387309800,319557805,80459482,895133262,236419428
Insert -981008135
Insert 781264300,-313193519,876039520,965445213,-255758472,620462649,678403054,600715214
Insert 680684563
Top 
Insert 564560355,-246763463,450510765,397005882
Top 
Top 
Top 
Top 
Insert -391330413,846878243,-349106140,-8304430
Insert 785654362,-649760890,949753811,-57522034,87651469,-779339797
Extract 
Insert 842034591,-135531008,285876757,771389682,-936365104,-812167275,309131799,-782217662
Insert -298013822,898151896,106563787,577069236,770990253,-569155613,-256203818,922746889,-826740888
Extract 
Insert 743669168,-107884753,920946578,-45426176
Insert -574943571,979924344,334841733
Top 
Extract 
Top 
Top 
Top 
Extract 
Extract 
Insert -633877595,-6341626,640245867,-749453168,648654877,-818435667
Insert -72141787,-683955487,519720599,191702033,326495893,761420875,564994112,148659616,919099266
Insert 677909961,609498143,563811897,-816799274,-483948715,-636998183
Insert 67682402,518515317,450555236,-779672927,-435303987,680903912,85153896,360892755,-829538434
Insert 477338258,-793142984,363105287,-433137559
Insert -741978659,172705261,-132810533,206865269,30919226,484167163,-691867812,762602157,764040461
Extract 
Top 
Extract 
Extract 
Extract 
Top 
Extract 
Insert 806843655,-212022232,-797166286,99095778
Extract 
Extract 
Extract 
Extract 
Insert -885431826,765487438,694849300,-823026605,-112690485,-841658845,-666055779,-280469235,-511603569,243752195
Insert -959790393,-176160158,-344785261,678658329,-249938827,-240031450,-464535136,-816582422
Insert 490586865,-299744836
Top 
Extract 
Insert -745783202,61768179,351651137,768955760,-108267964,-978828006,-99900713,-660651280
Insert -833379569,435791229
Insert -78941040,-188239921
Insert -71527449,274641464,-382151062,62019717
Extract 
Insert -135769228,665119546,183648710,633230224
Insert 749695754,818687723,-491934093,-658487347,371771265,-455517978,-904561072
Insert 231661928,-422445722,-103079813,214162573,52744751,668475151,-483215560,705427813,728612269
Extract 
Extract 
Top 
Insert 738585490,-121504673,205564298,-184624583,-329564958,88066575,749909323
Insert -301443654
Insert -833256326,-595246397,-979243316,-711518345,435453021,834749665,750701958,-324064847,-472523199
Top 
Extract 
Insert -911094247,-511939239,-588296312,-546138645,-315232672
Extract 
Insert 783843024,31622300,328865605
Insert -947228953,548373704,143889331,-817752747,-973677176,8662844,751658778
Top 
Extract 
Insert -398559304
Top 
Insert 540523243,767147019,572794870,917094146,672172879,-159501554,-309798748,417990195
Insert 647997185,928423157,-625321968,-847814061,-185211282,969893678
Top 
Extract 
Top 
Extract 
Top 
Extract 
Insert 747967293,-131712173,-930167214,-257221489,108142258,-937635953,-628034340,680413331,948133930,264520435
Insert -217949220
Extract 
Extract 
Extract 
Insert 199737407,43680924,134351502,-563031003,994599916
Extract 
Top 
Insert -951638697,-245345876,475591287,194047365,-262659948
Top 
Top 
Insert 646922938,389184636,-105797306,119900977,547366460,-455240731,355428639,427820064
Top 
Insert -493411971,-853325535
Extract 
Insert 949319392,710736429,-999887812,-6610227,-711856520,-788234872,-414741424
Insert 89177673,216221780,873164211,723007225
Extract 
Insert 26804326,323992191,-111160438,-511362911,286460822,-674389920,-97567324,-976265496
Extract 
Extract 
Insert 325540246,506420187,-120011722,-670053170
Extract 
Top 
Insert 449876697,-216288679,-242742466,-585205799,207702321,655354433,-643338589
Insert -842798597,-592674550,933078024
Insert 888541858,716596362,-641747320,754458311,-521115014,774719262,913964367
Insert 257894055,-669041827,276554261,-17765112,-191627061,-796150556,-590921670,569056509,589450746
Insert 330385708,-351137023,-909378027,-408919216,788371738,-96721512,261503808
Top 
Insert 446144032,65206435,-421928637,564614175,306689407,-901578780
Insert -457215091,-45427616,-847719760,-449387896,702015416,467931300,423469787,198798521
Insert 579433789,-12207519,503151453,702487028
Insert 952948945,287695641
Insert -660854603
Extract 
Extract 
Top 
Insert 116078916,441644303,-750717450,-779189442,359097521
Extract 
Top 
Insert 469838307,-247587915,621834433,153726527
Extract 
Insert 572186594,-189939316,472796343
Extract 
Insert -636218750,834025488,150819071,786385314
Top 
Insert -806974262,-600188765,448712573
Insert 525638877,72666065,-557416474,-825862105
Insert -583857317,596513032,538940683,-83274359,944550057,-950692760,-123497688
Extract 
Insert 292486014,158055584,542270626,-730205958,-620243009
Insert 545748783,-397046809,281181085,496079674,-996428363,-535041638,572620745
Insert 517787289,935275899,885225151,459105468,104824346,-520213552
Insert -10802352,-890341137
Insert -222234449,-657573832,-283017828,670890249,-536428102,151112771
Extract 
Extract 
Insert 47488626
Top 
Extract 
Top 
Insert 857621982,-280594722,96133181,-257438166,-885847452,-31613642,839257673
Insert 957743657,-19835965,-908119989,-693832514
Insert 132897260,403505026,-708125486
Top 
Extract 
Insert 80465457,444791503,-610373939,464649982,-610807964
Extract 
Extract 
Insert -114944717,-313610137,-227468907
Insert -670614289,-632881160,-693627247,-638303765,13579306,744708908,286937462,705040073
Top 
Insert 482774126,-41870091,-143066677,-116971995,-202456696,891486857,207702729,287165474,-12681528,-788617166
Insert -201174816,155734659,468458440,60819815
Insert 174013960,838273223,458818148
Top 
Insert 448594813,-591108490,-732430087,-637619843,138195142,82503973,456174712,262300089
Insert 423401444,-182688563,-384543998,390050418,676464303,-201320120
Extract 
Top 
Extract 
Extract 
Insert 195656393,485335540,-257757190,980112440,-583372380,-504184074,-623438658,422620407,-782428083
Insert 639209766,407267522,-104570356,-359547141
Insert 352269558,-728731724,38129343,935155321,-945005437,-966809397
Top 
Insert 689140167,885100974,132610250
Insert 528865760,-239259064,-119715690,-202169219,401586926
Extract 
Insert -447056409,-495848397,-111057995,-57521394,-130468196,444244635,280324156,-458297875,-619523464,512468815
Insert -186466852,-652858142,825349782,-390664458,348441726
Extract 
Insert -768963316,-416997263,-427175720
Top 
Top 
Extract 
Insert 582097543
Top 
Top 
Insert 552071854,447408456,982211440
Insert 653914212,-423157610,-100036336,348819419,194772972,-758644783,239185031,492410168
Insert -702739274,203704667,-444046956,-775838332,70370357,270809338,-207098159,89799882,36508962,-623738191
Insert -133803406
Insert 617922447,-80151711,-56044231,-551669343,-761539786,610304607,724123787,-423263132,-577555938,406852056
Insert -281300394,99364791,-235083328,-71735364,-703767151,-719281428
Insert -953468756,854438500,-366060393,-726805546,-415575448,287223112
Top 
Top 
Top 
Top 
Insert -509156491,-49208130
Insert 137979520,66157028,845330556,-891628914,-283199898,750522805,-458182932,214627331,-79316505,-796785414
Extract 
Insert -495921076,751457021,-734092160,-829520943,-143835986,-275542787
Insert -980109804,-258433476
Insert 545927770,916386546,56417637
Extract 
Top 
Top 
Insert 742808624,457496317,-657173555,-772994867,-672350243
Top 
Insert 652130847,817551427,-686671531,-490402101,-433991242,-985046220
Insert -569447001,141378884,264764994,-402746299,5574544,-40917393,-990108149,191948074,-563402035
Insert -770712142,449946375,53211500
Extract 
Extract 
Top 
Top 
Insert -806799256,-427827325,793354501,-716874063,649922115,835504272,473194968
Extract 
Extract 
Insert 764732424,-315935624,325423715,-974507409,331767070,42286587
Top 
Insert -624512296,472636195,-179995592,447284785,835819586
Insert 879842773,-828543315,651780979,-701466479,262818229,-307520282,19513434
Insert -405242721,238491638,-291397266,-268152865,-329534670,178750118,-175962487,-836769330,-211968810
Top 
Top 
Extract 
Insert -792638323,940852066,-771717054,-836213601,132173461,-324421830,-943211020
Insert 456557825,-229852591,-885529280,571406007,291131067
Top 
Extract 
Top 
Top 
Extract 
Insert 747642493,586617359,-594716710,-861151766,-4660751,603185881
Insert 221409544,997536810
Insert 741586657,-327307898,-85638135,420974322,634848119,815640787
Insert 853025152,430039492,-836703396,-220092313,-614780724,717807237,-679229737,422955970,-579303386,737296800
Insert -424232915,-359369162,333314498,-165204245,-404847236,-556294675,-799483057,933206997,264007018,712632146
Insert -267536364,528118491,810843493,58418858
Extract 
Top 
Insert 505298528,-196408735,918361736,-435463582,338851647,337101609,593625053,-115935870,222945681
Insert -525402309
Insert -944938606,-463884521,811114280,718078065
Top 
Extract 
Insert -308258069,-57458689,-946969994,-631493917,-316570613,-609666177,-114194196
Extract 
Insert -256809585,838570036,-473884107,333458157,642043496,56344324,-322547775,-910811327,-783329817,360189396
Top 
Top 
Extract 
Extract 
Insert 971736302,-229367000,-659312758,-102176291,-241369669,-573240669,165969859
Insert -260497697,235840649
Insert -558262470,-778454984,663394212,-835256829
Insert 132285176,-149283089,-872124325,268250542,128709622,-34933441
Insert -286836009,-962423949,369952274,-309245287,-924588916,-673846688,-26889998,-535519718,-845756286,374418930
Top 
Insert -193670357
Top 
Insert -60294199,918787797,555652854,-560290335
Top 
Extract 
Insert -827313969,-35598304,-840472171,548483259,-373022054,582402930
Insert -39201845,115087016,-420921522,285320015,-266748967
Top 
Insert 790337417,549236788,816870680,262585008
Insert 952148952,-891529694,-146993835,-748112325
Extract 
Insert 720430743,-992467674,900843019
Insert 909505644,-798087778,78453790,-671196283,-148574395,810520788
Insert -48003018,-395977633,-390703808,543027544,698761484,956168062,-118613954,-93213787,-963581845
Top 
Insert 392054691,545943225,-479534840,689606179,-220443818,-389831784,-759099386,-410317092,-348186737
Insert 997698460,-93024581,-872385466,-261529475,-577297403,701162300,-355955418
Insert -489516051,-419257959,360483443,476144459,-344160161
Top 
Insert 778383024,-401382982,832541177,-988310354,-569811712,-927949694,23889752,294601145,290912408,463837649
Extract 
Top 
Extract 
Top 
Top 
Insert 606340940,-430937873
Top 
Top 
Insert -346700022
Extract 
Top 
Extract 
Insert -561745757,817391820,-511333169,343877537,707728897,610076658,-500294243
Insert 575901209,797290068,-109635000,-623657643,-764245881,-406400876
Insert -5004680,716169597,-661843553,892961504,-918469933,-379955625,-20306583
Insert 467738027,640103223,498971435,321071885,87751928,-743430915,320022294,577425476
Top 
Top 
Extract 
Extract 
Top 
Insert -286822954,-657355202,130293226,332972020,-65419452,854286071
Extract 
Top 
Insert 809913712
Insert -104697909,764948348,-904062601,-161040109,-834265849,-585449155
Insert -786805598,-815197771,843878854,-496930137,501758838
Insert 758268182
Top 
Insert -233723851,-638040604,-703752391,206892289,257879239
Top 
Insert 199912874,-944918904,-360590468,489740969,852696146
Insert -246757534,-168121597,-8050884,-563827495,-337496864,-490935938,637605492,-436588402,-574399430
Top 
Insert -754257288
Insert 295918913,-260253461,814655646,-962930361,870450625,794570843,818833381,-458678221,958917332
Extract 
Insert -43526688,26476936,262240745
Top 
Extract 
Top 
Top 
Insert -595863229
Insert 7767339,-161895059,-944336534,416782198,978247647,422315069,9778481,-658117551,916784372
Insert 206034437,-980834875,-513416096,-795455244,-635514159
Top 
Top 
Top 
Top 
Extract 
Insert 201615366,-195210493,57043465
Top 
Insert -189063227,805011151,536909031,841920189
Top 
Extract 
Extract 
Extract 
Extract 
Insert -92851528,-549250105
Extract 
Insert 361836299,-688117019,937293342,92888473,-483770666,-2702533,668462200,83594898,14149454,327867183
Insert 635703809,21401563,-936187295,417715511,-764534756
Extract 
Insert 254953265,4538694,630349736,-419394624
Insert -294843649,-774140641,-901249459,675746946,-619539832,-938926854,-759204732
Insert 117615395
Top 
Extract 
Insert -564781299,-562341021,-776697284,-784940987,-712073895
Insert 203510987,-337121991
Insert 180258481,-965500343,658995228
Top 
Top 
Insert 316567224,-941493175,-626761601
Insert -346359961,-218953485,342681849,671835691,850193248,160785613,676200006,-279119480,-54374892
Extract 
Top 
Extract 
Extract 
Top 
Insert 612901339,239235711,204687620,-244898289,-540012430,182156588,236498130,-596291109,479318345
Insert -844242676,-283294731,-696499303,904336145,63754249,800149094,-742269741,-857061390,783286913,-12757168
Extract 
Insert 343429919,-644021355,-633595701,219277694,-154107372,-21004129,-680473592
Top 
Top 
Top 
Top 
Top 
Insert -568378174,-451502478,661711,181527576,159107712,833262382,-816724720
Top 
Extract 
Extract 
Extract 
Insert 254813984,890643577,984814199,-112843782,-896489343,87515903,-697221348,-841809107
Insert 312076021,97435295,-794079069
Insert -41551235,-693286281
Insert 691861446,-766614061,-22398765
Extract 
Top 
Top 
Extract 
Insert 639155490,400416544,896515076,993073918,292701695,408303018,789322877
Top 
Top 
Extract 
Insert 723964897,-170321780,-911378015,520113895,-366617113,-779948875
Extract 
Extract 
Extract 
Insert 121339947,-96802201,-668185704,359297211,-24154713
Insert -452844912,807281476,31522125,849766945,495092219,-503058320,81114847,-484432437,-535231787
Top 
Extract 
Insert 986476995,168153368,492658465,875882617,218014722,-965434527,437222942,-551364654,-922925641,727277182
Top 
Insert 70490005,-320735532,-792068825,-835530037,-592513590,-195896796,819836198,-891432803,-217453165
Insert -150435813
Insert -716621990,338812888,791687797,-205248841,603173413,-692898026,881408323,-92563814,-679926092
Extract 
Insert -738106548,-875719909,434854660,-172306470
Top 
Extract 
Insert -447969128,349674327
Extract 
Top 
Insert 309477942,-33845634,-179520320,750919582,999617246
Extract 
Top 
Insert 73595146,537613192,500529627,595563613
Insert 354236027,815679522,17307203,910918784,873021613,199598892,655168107,82491490,-182085429
Top 
Insert 853101507,-38780764,270351002,-259407254,568571232,-733294513,-765381510,732663237,222082613,517361467
Top 
Insert -25756963,-690306354,122587299,-726139439,-443907918,-653306643,-351448371,-276498460,961368561,127478858
Extract 
Top 
Top 
Top 
Top 
Insert -22069855,230424660,178880282,-487549809,-844298769,562927633
Extract 
Top 
Extract 
Extract 
Insert 141023199
Insert -461891644,-411490254,531483707,-1147751,-864055130,881661953,63374218,979645548
Insert 938650175,-166507146,485096017,-993251548
Insert -823555507,137801603,820442829,999438466
Extract 
Extract 
Extract 
Top 
Insert 731017891
Extract 
Top 
Extract 
Insert 18365650,-492571130,778355749,-572225899,-703217703,-791076344
Extract 
Insert 794742362,617787017,600190701,-430912605,-318081506
Top 
Extract 
Extract 
Extract 
Insert 805085311,296055110,-410326327,386940465,631995228,600880014,-663239903,-635841819,529802192
Insert -924222000,646607909,-352461739,616935433,-265973993,572791007,-290239400,-979440940,-126429188
Insert 832625485,-399285406,832348535,-938126167,511561174,-361194609,660194101
Extract 
Top 
Extract 
Insert 170017458,-333017444,355220749,518517375,-244288623,185752397,81027975,-843203293,-497558297
Insert -614383698,-110285956,507993640,615019275,371852373,271875349
Top 
Extract 
Extract 
Extract 
Extract 
Top 
Top 
Extract 
Extract 
Extract 
Top 
Insert 201939278,-245802945,511503204
Print 
