ListLengthHeapObject
Init -329409651,-838300102,-212229256,598711228,-37949160,594687696,551376369
Init 360593721,30212613,187738036,-506297127,406267255,-262259376,-780017249
Init 913659361,-87887323
Init 468058848,500609251,-248353270
Init 110039229,333308444,229227424,-71641049,-133956227,101282306,-67342316
Init -428235596,-633711358,-80844932
Init -161039314,444937024,152246138,-573500229,782916074,-789623241,-671305117,606563328,244216473
Init -911803954
Init -879985732,557185635,342107787,155392897,337737460,140717155,-619855120,-402977380,911188749,-4112273
Init 452557136,-174684976,204644758
Init 917133221,174935226,298419699,88218942,139116006,745052805,391418538,26438840,333249119
Init 750859690,-301407082,-345115148
Init -937493107
Init 633620503,625246525,-727937129,357601656
Init 271556090,826716745,659421691,-758945032
Init -955251395,-10582982,-845735497,-547842829,665995948,-530222258,-963467477,939397047
Init -11227076,655145942,-885035482,-439840692,-806699376,869782329,-30136377
Init 949850130,495922859,-101353134
Init 83981769,-410137517,544952673,770872533
Init 265844994,749104461
Init -901562585,-480076484,-105070827,-885177137,-583385519
Init -285586172,683793229,-187988398,100429207
Init -73443693
Init -780012011,228628549,-256789935,307898199,-561172438,-598627121,-651698755
Init 567081818,-885562582,-664175521
Init 178684358,-267255448,757195715,-764071478,-715088266,-315311814
Init -26864546,849490315,-993333239,647006126,352509772,40932036,878474566
Init 340666859,64966469,-16635180,-78090865,-996187463,-981025379
Init -88575353,-336855373,-47563352,-255283834,222900786,-103209236
Init 469979430,-508216038,905058839,239399928,-59610304,312772704,-512191700,-788323195,615465490
Init 44803568,885160714,-752591097,-908276325,-594024078,484324707,-737390467
Init -447366094,556442244,39574416,-701024347
Init -948565720,597572098,520406107,863247661,-953750465
Init -721004236,-381853270,186768813,162861770
Init -366225244,794378906,742533082,-427226339,-54626282,-283256188,909963227,-319979377
Init -629238357,-229827762,653203684,-713487098,113611541,-493359822,957642021,-973279969,488597374,696660891
Init 654413269
Init 85232561,683675520,-582533452,-34489108,-816896897,-188778791,462383677,-945365545,316922864,539689323
Init 22362746,-3462221,-776223733,-413096649,967370582,-926744097,-7481471,360884248,-964890649
Init 970053671,-578616931
Init 601201145
Init 893898749,940382539,706416936,645130179,249836334,750851199,554467681,-664811240,-200089633
Init 858925160,-385261266
Init -842220986,-316801140,-135806808
Init 740070346,98245711,-463110204
Init -407475633,-824272838,-968150576,633753825
Init 326070740,-772457175,-435625168,859522229,-282479284,-675876909,-752611436,26383047,-6248870
Init 903699212,749135130,14495097,-805960784,-755994840,143410127,340160901
Init -124493141,-270092412,11956080,906623808,564723769
Init 85996507
Init 317183174,-50912061,-372147782,775643278
Init 807905013,582969357,357025694,-477658784,-904502781,949909144,764054724,-452875673,575521538
Init -839370265,93370749,705269171,-435642399,851377582,20388039,195944673
Init 26395819,441668900,270186090,313165033,210242898,171352134,679828635,570470797,171511686,-453272151
Init -299633837,-809744682,-920119533
Init -372447608,-990669385,-477059934,-774270846,-290752331,-728102708,168145563,266372260,409339810,-392986218
Init -161531891,384115715,415495022,159569345,-969385478,611456698
Init 266313307,879080724
Init -807857870,530398994,-350997540,25040445,-326827870,-688400788,911514986,748813384,190192309
Init -670546739,320904111,301208230,-810243077,922070054,786224350,-80587557,-615732416,-459387897
Init 630860561,-912702411,-403150013
Init 934921979,-176849357,46926009,5933821,322931371,365694409,234752602,11459526,-707789601,68036696
Init 414958147,-509200910,698103127,-598326012,184828585
Init -70283326,415099088,97663972,573996107,230800715,816168733,-259120527,508171078,758430665,208896656
Init 18149316,-269539389,-268622991,-867250991,-994015442,82507715,-710391057,-274017689
Init -400873912,-608889787,65790147,448068981
Init -769219018,996090249,624571394,-340355131
Init 905451717
Init -654573672,-793753621,-376408768,-363888975,-317931112,-839277920,-984211689
Init 221036492,-895852117,-40157803,803214665,-459496576,278837141
Init -150771302,-771686440
Init 445314842,879219764,-451912377,390739130
Init 710265610,-986130080,691183516,-385528358,-853432701,762417088,440906984
Init 196658300,-196265686,-469742641,-70066920,-586410005,-985414666,314877999,204726316,-314728426
Init -217964897,-739651855,152237730,-810788449,-423301176,929685751,-137134546,941729750
Init 211277518,998365065
Init -229847337,-414484302,-585543242,527045392,-375865984,527837623,-165333149
Init 705060392
Init -26010184,592998569
Init 343853318,590080595
Init 846969535,-161425132,463705655,299017770,187538475,-781328424
Init 178179951,463273791,-140529400,862764645
Init -748603782,-846589077,513735118,316594500,660643624,257462423
Init -171919239,-694079031,622952466,485101002,681465140
Init -303978694,703756941,180596848,-790551023,-327285442,-896062768,289633359,-792477627,415864044,-836735993
Init -402981367,-89751485,-526209967,590368694,-341432862,-751114114,537176155,763112215,-516582967
Init -771823232,110333279,-900027476,386704751,-806974190,529576428,374162147,936357363,-353603835
Init 263009614,-42697819
Init 434580613,-23633299,456500974,-253286325
Init 253317428,823637453,330238298,391272488
Init 588993643,-551582587,527496037,-721910603,362558116,542827653,999805082,-416866628,-815444200,400281020
Init -429190613,-834434779,-463068414
Init 305439355,-26555167,33036407,265831775,-750805388,-112880919,-294475573,-884040775
Init 297174093,-617473962,891891693
Init -876220574,-74136054,544881218,-359508175
Init -925076362,-724101745,-528632192,-38349617
Init -847274871,868015016,607437703,-996901485
Init -284356835,-704106952,632190380
Init 678468259,-75349513,236451494
Init -123155487
Init -322365160,-298474453,450323862,-926595823,830492700,-291421766,-612385442,56638073
Init 2069110,-799567972,-466370297,-33666202,111234018
Init 444306468,260178647,158449310,-893232839,301665819,-259094399
Init 381584625,-836293432,-7032786,271572739,538522780,-582716157
Init -673482165
Init 152021901,479818019
Init -135426657,-414249593,-492540488,471106864,-615360971,651056065,-362107159
Init -690023889,-966500837,-208750040,767358108
Init -783953740,-909569830,269230847,221571289,-702594634
Init -726388204,-723598062,875624081,767709524,536643667
Init 223005244,455909324,462892081,448526647,-561352462,-697109727,262073957
Init 314122093,-13665377,-479997947
Init -505858649,-69106546,766093014,-442846886
Init -36659497,89438871
Init -632767544,530808770,-90960934,-537407020,614805710,-828019120
Init 219156028,-731135011,848760763,36773754,811966013,463605427
Init -1604974,-530548634,353942104,-36888420,-424415243,969038291,114185618,-744883902
Init 931483939,-110066449,-207633685
Init 646165513,-304319549,-165859073,775565559,773727712,533602331,921768149,851920931,-418261969
Init -915047328,-260308312,714728348,80844025,-88198624,-824221238,308458463
Init -45918804,246011223
Init 74864811,341886679,-318970540,125552637,-333440181
Init -619855568,494049098
Init 288859390,-156541096
Init 516522466
Init 887606517,-288151568,567660389,552964787,165600090
Init -714314552
Init 166909132,667485967,-822238397,593102609,-474204332
Init -532904660,54915620,821446177,-371923101,-194225148,-574685924,-599727441,531967697,254999050,-751071984
Init 721874437,676506622,110621657,618283915,-687313547,576542738,-947794921,935995995,408353556,324739353
Init 549138723
Init -870819679,310381849,65871632,167382379,622433703,376520428,-51475548
Init 305953057
Init 614308557,-257055344,345088529,231931605,-959706365,-296877693,133109492,711789358,-221761024
Init 318559565
Init 52303380,-789100346,-137569900,-853495825,933695459,217941464,-831302097,719618840,-698358367
Init 387125846,7929390,-500240854
Init 909012887,3847734,-930030450,-547525215,417563369,-234620650
Init 632988304,-155515737,-860504066,-875626996,25745299,-64362678,-249669004,481750984,425919333,325694016
Init -655082995,-365351092,346812155,-605501389,995892612,492670925,-675916254,511399007
Init 375678007,-367419935
Init 225631027,653626814,-822226387
Init -164763806,-437194541,-247273892,-177433861,-271028171,-290773761,-956565041,-227902905,-927203928,-961576457
Init -516446312,-505716313,-570040090,594003367,-50874777,489958779
Init -754087148,425016020,-672847692,453119561
Init -80278658,-340391852,-899028003
Init 482274647,761804620,-974599327,145468925,357929873,-462648380,-420996475,-408407260,922040356,965670205
Init 317695575
Init -647436654,648024024,-91262698,-258817901,413557155,-154390506,976944300,-933689990
Init -747345572,874301982,224712761,-29369235,-806400749,296444744,491156845,-584131491,-412173325,-268486012
Init 832548622,808316688,-369372195,-66820824,60969089,-533527121,978385475,-199710903,-840541600
Init 573583284,478598927,-798594541,-277311995,-870129495
Init -522370809,-223055499
Init -320374840,-830435418,823335018,163037094,-669306393,189960855,781344439,-892315352,863079797,720982752
Init -24863405,416988375,-634081806,-506262136,905438530,181690876,-75324204,-841109720,738813218
Init -106938711,-353638752
Init 829284128,-424482611,-602629825,-330718347,-578771310,-841585453,-206557003,-790360421,-22755663,759468406
Init 35271013,241185818
Init -975798336,-215353705,-952121548,-478396267
Init -952522330,-854352941,966703524
Init -53136284,-548834129,-236004863,-565726242
Init 501698171,326131217,919521991,131160975
Init 924165223,757062646,810669570,222653710,-504386107,-33565983,-530393878,-731709344,38691730,-206645671
Init 337928312,-998175978,160509505,-727431770,-745958430
Init 519481480,75158818,656824543,541901464,601843579,992390498,-474053210,915376657,308017942,337286942
Init -941530986,395456355,553736088,-147850995,628296795,-29803167,-579484101,286877307
Init -597310543,220253571,-833271618,670198231,726730881,-357284686,690015670,-268505401,-505077999,-719232437
Init 753312838,-534207871,-423109448,-525978799,512726972,738703809
Init -146495105,-562645201,409507104
Init -713329451,-671322070,-357990635,-390002377,549108136
Init -293606396,-390319307,14740633,-533378390
Init 362887540,783547938,-624381453,875066501,-912303750,-60799344,-719454140,-143532521,470048025,-738829253
Init -186537580,-471191983,-838394354,-745932711
Init 38560247,603173528,-940764921,-507510932,-585101085,-312637269,-822210259
Init 135881868,-822189814
Init 927729086,-677130870,301431447,-539549591,-952199414,501254614,622787316,-631349900
Init 407728976,145977043,-359300673,-738949091
Init -958223817,761198630,963448980,-891975628,-356326309,805169892,3324231,-663290132,-420613099,909903844
Init 709054449,-402437347,-545732080,-37886244
Init -625555932,-931021764,-494443966,909398929,-117834885,-313728625,770823027,-356683852
Init 755183187,-59097137,67831682,-403993660
Init -312340965,-385573533,-526580471,96732546,796658341,-148983458
Init -556387912,476313192,385061132,-452720066
Init -559945633,941935512,-90832168,-631959337,-751686707,-676369787
Init 981044245,759722305,421759457,-747578699,156328475,145824874
Init 386929690,530223826
Init -873485623,902034392,318132015,556143552,837131030,277992304,388335532,-422715586,810055492,-135445184
Init -346404057,919178509,548151418,668014243,-754027838,-838446042
Init -811871151,-603689206,81826247,-968642860,246042311,119426658,-443914112,545610257,278770815
Init 762087052,-644244158,-275474272,706589083
Init 567904768,-350854397
Init 10371909,697831454
Init 26344864,296260921,482327939,893249693,-450176592
Init -754102340,236555579,-97598427
Init 926341428,789113899,966945165,-44862347,-594976200,439936520,-612681497,63734471,-697596338,602505048
Init 148349664,-830501011,-919643496,546796278,-131676186,187152627,-320053332,40691592
Init -294899189,454045692,400494852,-604756467,-710207633,120193850
Init 617471488,-741986075,-799821066
Init 123571861,678503492,88471011,-970782686,609619544,90137928,-790995945
Init -33323208,384429027,562754747,-525482052,348570325,153788743,-878096425,-199053136,423971970
Init 738021903,361918878,-969913727,-996675900,-278939719,267610887
Init -774035341
Init -798048377,489313000,-855245643,832609978,671486353,858929444,-7704982,136009599,595545774
Init -36734489
Init 677093631,-665509658,982591578
Init 891234246,349714671,-204312086,398960224,-135935461
Init 408326154,298543556,365951138,65630038,918888230
Init -633557762,-966647431,-297797283,299615832,310025451,-846992574
Init -767362912
Init 245126189
Init -148365588,734888269,100620235,896453062,315887672,-776367651,-987163158,309652789,780729643,-419131035
Init 962843715
Init -686389095,588429137,-617273078,-590393265,807033001,62817447,-678982416,717407914
Init 132050917,878713572,-388723185,616149284,206188799,904547560,714841009,-812701211
Init 195990391,-606975494,-740961807,180367489,111357843,-298987346
Init -546648617
Init -515535472
Init 764233393,409477931,590695384
Init 316417768,617945710,-239346178,10896901,-731388321,-739664973,-884662869,-636884369
Init 867999020,-747157174,596251751,-393809861,803708362
Init 488317629,-262597221,718079780
Init 942939857,238106918,972195730,435119483,560480406,672153882,-164099854
Init 838445048
Init 508612740
Init -989518703
Init -786727775,-348926096
Init 236705184,311201146,-934224969,-521683306,21419438,-138037547
Init -363983226,432883660,803123640
Init -208726032,-746234684,737552439,260147716,-993797772,742882321,42357891
Init -123002156,-598474843,-830001294,-812861154,77387830,-695750225,-922952217,-70332295
Init 522233808,-826624408,-362107285,821754555,988257258,581169736,471122461,383594807,563788707
Init -285507802,-915632690,-48979774,345309307,92428212,-50563562,773500433,-118235761
Init -414194001,-118535224,-60342957,-976130628
Init 881248745,-810010242,332110655,-761643449,178332962,-336150187,180133563,-801077815
Init 203881579,719129951,908143503
Init -463694993,-368601011,593972696,369025587,704413254,366520531,-917897730,-920119939,871853540,108045837
Init 318644324,-620576449,-574975121,365858620,-148794571,631966117,756273777
Init 106893845,-17552538,296800860,-906593645
Init 123025429,781040728,-923951235,-787377548,-649203261,196271633,312964702
Init 236410107,353794658,-121915445,-168755802,283546847
Init -266750276,-731427040,-578671611,671637417,-130295054,498203444,-869368756,582295152
Init -827835898,721430843,375250121,-281686953
Init 50379828,506192932,-13113741,-292148382
Init 321725251,-522005631
Init -630314998,206490956,-143407241,487674579,577080354,409782078
Init 124704384,924043640,867259247
Init 276575725,603118495,-180206364
Init 696190737,86354559,-907597489,336716483,-735521204,-666665114,-906120900,380187210
Init -306641263
Init 547087911
Init -787552554,382401699,194734255,337346648
Init -537694222
Init -823868382,-572425460,-740374408,-960635105,765919560,-127005851,485502349
Init -840649144,951148651,-773637585,442487501
Init 790774061,-37567873,910706772,345858080,-689388192,-574398293,738579945
Init 298426275,289296565,695896770,812348212,-736376101
Init -647934062,-430787816,-591831991
Init 203760443,358093295,-557155660,732125465,-293529211,27412424,844306861,711730722,139985253
Init 183943525,-777945943
Init -821873929,-330781366,248509820,324902960,711769804,-982131098
Init -698219727,-964584825,432446820,-986756657,960268854,343395589,-665030474,924846311,-794760840
Init -521580865,-813127513,103295719,674814533,-40621062,553895880,908091564,-484156123,-360339691,610361725
Init -239615933,-314881772,852765769,31337472,-317654940
Init -327124436,-135856421,351021288,38942401
Top 
Extract 
Insert 515164253,-74647219,-263994454,-870470569,-235384741
Top 
Top 
Insert 224551444,523115097,938343108,-20162467,-267324544,-630903879,-685194475,311166857,-403326560
Insert 812422806
Top 
Extract 
Top 
Insert -645789516,-506329367,995984027,726654847,-744498976,359532795,-743689748,710478023
Insert -104634987,-696045974,-103327481,304822450,-200976199,308707207,-148142264
Insert -422573791
Insert 853018108,207860421,493225190,555415627,762108534
Extract 
Extract 
Insert 876876281,167497582,-623392694,-133864428,233227735,-195614391,-124100325,980969076,-294456201
Insert 66988773,-658374632,673111088,371107069,345283745,129730047,-655521506
Insert -804278266,-875620606,240142759,-788030593
Top 
Insert -200436319,446826816,-160610394,-466077112,93105103,-199739593,207414786,111441194,-258760317
Top 
Top 
Insert -753845151,-36183969
Insert 576691777,-504111148,-59444756,-589634297,-456866151,-720040841
Insert -251955637,347812497,889661434,-907812658
Insert -209767146,85389177
Insert -184583798,-592772786,-55391510
Insert 970439825
Top 
Extract 
Insert 621847973,798027599,-384412706,598026287,856777360,827805120,-46270551,854969973,555482553
Insert 406121194,908119363,223933076,375643318,-164478688,-22788150,37012398,-508883979,-589666303
Extract 
Top 
Insert 877425029,-838374459
Insert -183864914,-396977322,-724553806,175664169,77793931,396806109,-484403349,12157197,-30658411,-286447973
Insert 301523039,-393568602,-412262785,-32131009,752520029,-16636229,280266242
Insert -617823792,923764295,-21605952,852472871,-228352916,929067232,-37411953,854793690,78209716,859048270
Insert -594628767,84756958,197295137
Top 
Top 
Insert 982207058,-426028984,-255747112
Insert 25998601
Top 
Insert -523005117,-660409058,-870059436,-715160055,693132321,795017447,332834032,8409278
Top 
Extract 
Insert -863464926
Extract 
Top 
Extract 
Insert 931852990,879873853,285422658,927613717
Insert 414230841,-779163199,-525226745,-384542290
Top 
Extract 
Extract 
Insert 440109294,-837436253,-91732961,899561479,-685421141,312570879,-410056328,-912112783
Extract 
Insert -865753441,220856580
Insert -114412962,-164587000,221456273,700035556,23731235,-441530790,-63621308,-822084103
Insert 25254849,321845813,-603258911,172700213,138173574,-598364454,906405809
Insert 975877602,835755477,900008127,493221797,374629713,-619056258,941525943,365532224
Insert 382066491,958043698,919729099,526634509,-569182461,286140235
Extract 
Top 
Insert -156988584,-582836474
Insert 570075940,-142249586,706707009,-720918197,576798029,694366981,-572289109
Extract 
Insert 930742314,-607306425,931686951,190906929,-261936447,583015814,-933879680,836860768
Insert -469136978,80507840
Insert 423876671,-503995011,-268856629,-721559300,824663715,554924624,953906743,-917712530,971334611
Extract 
Insert 906764416,369869918,645523517,-915020255,533941815,98074358
Insert 509505529,53537439,559460251,207156325,17496934,646260341,-63155374,-559852212,-163652308,869467794
Extract 
Insert -204706061,92829971,732249370,480076072,-319669191
Extract 
Insert -472107562,-621931771,555596532,180065086,-752981315,890411156,97851517,783949513,326846427,-581957917
Insert 506906946,-790506991,-658552189,373201410,-666772923
Insert -309562739,296982852,-126766498,-879476177,682246500,31833988
Extract 
Top 
Top 
Extract 
Insert 168647470,-521905425,465254400,139540359,-12895424,155586612
Insert -519871398,617755956,199564566,550953313,-59577045,62199040,736812958,246407770
Insert -412598428,335120243,113570398,5943921,-146827201
Insert -53849535,486314454,854592483,906770262,-791081447,-478545726,714529268
Insert 95346744,415640439,-677911262,-581777269,-258562768,-614797487
Extract 
Extract 
Extract 
Insert -693052654,-980310766,-90193681,-630948451,-34109547,-830353777,-845737112
Insert 174823687,-642025214,420782412,-947118603,690624843,-64435337,34905995,524293383,-95516892
Extract 
Top 
Extract 
Insert 681096225,-285147700,387153528,-644243856,603574273,844912629,631701180,531729469
Insert 307818737,-787681819,-757696410
Insert -556841907,-976421821,-112478177,-301873875,-876828633,510236816,-759608146
Insert 819846812,-653363714,-94913150
Extract 
Insert 991597188,254509223,-413326924,87131129,-245082704
Top 
Insert -336342902,-92706893,-26078975,-823821240
Insert -783523887
Top 
Extract 
Top 
Insert -841598023,-571702523,-541994707,-993957815,81943808
Insert 710813609,-366429344,117143457
Top 
Insert 625949,967985290,200982771,-789353681,356007935,-214367162
Insert 76595115,663903334,962701560,-150963708,-193692642,606276429
Insert 969657267,-929258041
Top 
Insert 520950408,-666005201,906457495,-75929295,-1892750
Insert -30272908,-221908699,-49087431,296191041,-707047140,843213988,616824514,477916665,217856360
Insert -866106223,370795435,-539193936
Insert -771951800,-992079077,259682563,-887516938,-380480328,-482614157
Top 
Extract 
Extract 
Insert -759669417
Extract 
Insert -228806258,652416008
Insert -83475280,-971986571,-253859635,-317131093
Insert 126077736,-25289380,-746327997,-744279581,-140048048,-986093042,398701181,-713878025,430822419,-761631568
Insert 677065333,560969692,-121167740,204244109,-125466865
Top 
Insert 75131166,-208726727,-319610878,28819967,-984161734,963511095,826806394,-25054424,86975198,887415807
Top 
Top 
Extract 
Top 
Extract 
Insert -841946979,-479853609,-551430840,-920531299,-921748576,852626550,722891122,838425678
Top 
Insert 425578877,165765482,608566128,-650236277,-521217585,714531355,-638303965,-136165939,678596940,579453804
Top 
Insert 775457413,-266579366,-10453198,77322692,342218984,-642047723,582383497,-812092169
Insert -503382512,-909997591,903020535,-741446783,203709635
Extract 
Insert -929295657,812581393,653198134,505589823,-633452316,-412157239,409788333,111478460
Top 
Insert 95783657
Top 
Extract 
Extract 
Extract 
Insert 245242555,-834581707,-233390314,475181962,-682385885,587062878,-768097943
Insert -974484597,-283327670,-487678943,2881768,650541907,92110145
Insert 571360900,-923955190,748433597,-827356396,462865509,193984480,-800509968,-227968223,-165162803
Top 
Top 
Insert -547607524,-652182279,957687944,173268636,-486140174,-954662589,695852935,-853164382,316077528,405425639
Insert -96842820
Extract 
Extract 
Insert 313236940
Insert 458485866,970561876,-211573208,-185173575,-682758705,-597358235,-765564785
Extract 
Top 
Insert 447953841,-820155087,-470851311,-639876092,939790223,-645769614,727099512
Insert -233249373,987891744,-37014656,-728478843,916394841,675608973,-932032600,-292793189,-826581614,219656166
Insert -622041127,975465820,607866779,469105449,977660106,-958427995,996311566,-349421503,-293284591,-395057018
Top 
Insert 856157858,502571071,786189496,949127573,775055173,-937817772,-16163497,-993273660,-805966162,-861799275
Extract 
Insert -7727614,451668131,-402259079
Insert -865583529,538037930,506687293,-601781014
Insert -619052461,828429882,-460981929,-469337455,232494328,-927794376,612527130
Top 
Insert 21812009,636394630,458447956,-64705263,807404840,-74513036,-653578324,-399967402
Insert -633186480,-969552943,-844536772,581761997,13898469,-628810854,-567266902,46253234,462676689,-149156122
Insert -321495716,-136794735,149613065,646046761,-898840974,-224792701,-848788194,56954397
Insert -77036678,-766351620
Extract 
Top 
Extract 
Insert -221773770,-165209706
Insert -225467208,-63026921,804411887,-134639664,425744824,-571039804,-743972218,899377728
Insert -424951651,895891367
Extract 
Insert 209975133,250456937,45541559,172488515,-849556961,512142558,222875967
Insert 605297112,962086003,644407880,356673922,620013460,-461096634,715142371,-316836291,692910436,6401589
Extract 
Extract 
Extract 
Insert 518494727,46032667,-429456991,-956938888
Top 
Extract 
Insert -49089013,-786827120,-457976807,-441501243,-498270136,958717529
Top 
Extract 
Insert -930385124,-926985515,-73877106,-675189537,127710860,-678150596,-565541702,-824327313,404282303,666924520
Top 
Insert 68354031,220018019,669667410
Insert -848386411,470130338,683272825,-325467279,386243255
Top 
Insert -284327059,833358558,632022586,827811512
Insert -455093294,-781519828,445260821,-858649227,-77860020,-505480916,-245546521,914010354,689608959
Insert 272370418,616174401,601728468,-694039639,880823586,993818439,-490404275,950776402,32439639,-374043620
Insert -963799196,801571837,682732806,-417115426,-471525320,-649061358,-115789828
Insert 531591938,-603769230,916076949,-996259641,-843414813,-79968924
Extract 
Insert -435888142,-137818454
Extract 
Insert -587993081,-417620016,377200219,696187931,989584311,252939199,956186972
Top 
Top 
Insert 225750442
Top 
Extract 
Insert -998740644,-49558651,-179030421,-839308724,603080411
Insert 186555014,910141152,717847290
Top 
Insert -522733370,-287778658,798399605,676508478,-506476551,578875217,798380716,757839791
Insert -800070903
Top 
Insert 916137413
Top 
Top 
Insert -303991776
Extract 
Insert 561616331,-72820828,156527209,-756661150,-44895031,-268716958,275965971
Insert -264191001,866972036,42525911,439294774,-724615722,-120722978
Top 
Insert 378695248
Top 
Top 
Insert 561168659,-795552012,503262523
Top 
Insert -396328976
Extract 
Top 
Extract 
Insert -499933869,-447081432
Insert -217639945,988822672,-16270124,-234209492,-913519246,-383074501,798327545,-556930708,-80010035,-380236771
Insert -865300718,-432596988,-541562963,422031143,202600231,869305775,-777542335
Insert 485090523,-640454005,653127023
Insert 936269176,-949353027,-535612326,-633190942,-931361797
Extract 
Top 
Insert -832369146,-606504624,-77813185
Top 
Top 
Insert 766422070,-111919678,-101827083
Extract 
Insert 533384386,958981566,901409030,100460942,17208832,916523842,-553348971,-558391496,-658658127
Insert -143329746,-376857868,95455657,801808967,-517765431,110842253,237779730,18564614,720301384,804871461
Insert -226026458,-283823819,628959173,-698919687,-808515758,128388530,211189196,-758508910
Top 
Insert -842228734
Top 
Top 
Extract 
Insert 419208564,905576011,366889252,108812851
Insert -195118881,591104070,693501384,878750145,520201772,-68797469
Insert -875817559,633965278,945193196,176266630,808064106
Insert -105269170,868840144,-882590880
Top 
Top 
Insert -552232643,-928620487,901908848,226472070,-444448401,-519259535,339992716,-465855927
Top 
Extract 
Insert -233739521,-296867933,-792133998,177839216
Extract 
Insert 167230129,-196744053,-8564012,-77385773,947470,-471400196,864951659,-129613888,939499081,184230147
Top 
Insert 598469846,436158223,110242804,494568637,-522519217,-426043953,312046573
Top 
Extract 
Insert 322057701,-851069030,785758328,-84952712,-54413050,-684707635
Extract 
Extract 
Insert 900699946,526431760,-544955650,-101658547,793103406
Extract 
Top 
Insert 727148084,-533950523,408130858,316998427,-168412818,931842002
Extract 
Insert -565600909,-745484706,-621513963
Insert 970374617,503958579,867837699,204994157,-201775813,253263737,-280489006,201029588,136150480
Insert -911889625,521428865,441953493
Insert -242001666,83402210,86105586
Top 
Extract 
Insert -225536553,-663650307,344987567
Insert -3471223,-277790806,384886484,357067066,122196901,-396173386,-343257241,533303621,-344307065,-782483159
Insert 757737593,634080161,-582802121,323069665,-902681728
Insert 530460452,-609211730,-191773839,-412690331,-73676888,-663503308,87610125,-93790111,-397404779
Insert 73387807,392450879,-786698914,-371121530,125449005
Extract 
Extract 
Insert -439908591,-83925855
Top 
Extract 
Extract 
Top 
Extract 
Insert -317560780,-993815312,-342068412,871951302,651287208,-320105665,-414446695,-780064662,681970962
Extract 
Top 
Extract 
Insert 44276289,-993282398,-596915282,144027282,-599891795,668737344,-136899976
Extract 
Top 
Top 
Insert -274565151,-17877069,-744392494,214844637
Insert -262842117
Extract 
Insert -343957587,-300116733,-152884745,-100543460,-355560738
Insert 80100162,626434878,106061482,-748871868,948244133,-409012682,994037275
Extract 
Insert -402039646,718645619,507959024,398407087
Extract 
Extract 
Insert 358154916
Insert -68991762,973886762,288161509,-489990223,-590771287,61963752,831597155
Insert -781951370,-288879433,-894060458,510290949
Top 
Insert -810165137,-505602290,913694638,282943264,650238730
Insert -690001727
Insert -744920114,-969192077
Extract 
Insert 109592322,663465359,-188092159,-653957349,998505261
Top 
Top 
Insert -22898205,-477559594,-288352313,858683405,-425224930,555144808,595907147
Insert 835004061,345789904,-152936670,-948757990,-672986235,706599110,-113429227,276593464,-725651475,-700381958
Top 
Extract 
Top 
Top 
Insert -339563527,-38826522,-19630316,-865995238,-982993053,-471687218,-60335372,196271193,-888980969
Top 
Insert -838347245,-85401162,182703359,-544179630,261988298,182279808,-430867077,-414833685
Extract 
Top 
Insert 436811204,-590686737,-561206234
Top 
Extract 
Insert 688073019,-98091124
Extract 
Top 
Insert 897480250
Extract 
Extract 
Insert -398486722,-172734668,-75632622,-385619817
Insert -743584858,-520887679,429415528,-843391685,-389691530,-721283440,843915668,-346260848
Extract 
Insert 641958576,-173080924,33767553
Top 
Insert -612573970,-139832068
Insert -331333661,-20756667,-887480981
Insert -722190630
Insert 398100259,-77867245,-832185527
Extract 
Insert 100586291,-772517851,102754854,775657291
Insert -257667613,985676365,714821541,79929175,459628846,197265261
Insert -400240377,-514956950,-29288389,-84849163,-633044657,811460344,382464376,822932886
Extract 
Insert -922513617,537616742,-810314613,-374316510,872316670,-373402027,-41667643
Extract 
Insert 979296633,660523832,-517394439,222659631,848879978,-170837716,322073803
Insert 80232729,-189210697
Insert -924725584,-341691242,-246329131,-154766168,-647962452,-778754968,-741028962,627349933,336360909,-686010178
Extract 
Insert 13334181,-803025974,-12036983,-775698919,-887504491,935570769,-614710309,-290344334,306359577,938053493
Insert 499516341,-96135802
Insert 313415383
Extract 
Insert -773263659,-782333558,-305081032,-186299214
Insert 788511972,-906114054,531554523,19370413,-926207361,-130060303,351785317,431080930,-571218334
Extract 
Top 
Insert -170622136,-376885356,461886104,681657907,960882246,378663593,516909116,-506227815,-508499178
Insert -132362045,-348458198,-370462640,484992498,-182995457,-886969191,843128827,-391756996,888786882
Top 
Insert 198780831,600494476,580847245,363723807,21869436,-703470620,-604902644
Top 
Extract 
Top 
Insert -486790598,810174295,-818000261,-319320031,308943112,325049435,-234400392,-333233269
Extract 
Insert 271276722,-679741519,-387556465,798644418,967487977,68360962
Insert -594386333,-149983656,-786510236,564534473,-116083744,86528216,765933665,-203832424,-719583640
Insert -945544451,318461975,-132018059,-911700070,-210816651,58835097
Top 
Insert 640410726,814297184,-433641598,706210567,587060880,381700231,542011449,314927070,499507073
Insert 503551761,-592450295,-28154273,-738008012
Extract 
Insert -972013058,544889502,68946967,-770852784,-341102724,804409010,796300726,299221661,-819479854
Insert 932868765,-465750956,-271630571,-183400633,-465697644
Top 
Extract 
Insert -612122924,-69380150
Extract 
Insert -894773264,-236911289,-165947171
Insert -638291960,455695369,305695211,77748294,744221321,-2662509,-252520573
Extract 
Extract 
Extract 
Insert 388238628,80327900,-30967435,900100207,-876189548,164365669,-268853387,491200584,-29841583,-439150923
Top 
Insert -352288276,94464066,-376334503,-674906400,429524478,-324523226,683692438
Insert -885800561,720526411,223941863,-304882827,-88617759
Insert 622969624,-627511391,-823843123,-769717360,-836187310,-183212746,13609861,75681977,-306031714
Top 
Insert -634195101,-254301693,539543421,938912981
Insert 606622368,208570842,374234575,526402153,96232540
Extract 
Extract 
Extract 
Insert 299049536,773349640,-981948149
Top 
Insert 764455405,-388033314,-732127157,-179110848
Insert -540340465,-871417972,-252256226,-208897386,-229048584,666662666,-901465136,-531298851,867424758
Insert 787670425,475740156,-712220011,685863302,123425661,-69033104,51791196,300043662,-254720018,944535447
Extract 
Insert -105101767,812664347,263917642
Top 
Top 
Insert -553655593,14315814,-797176621,-221889150,-552068608,770368989,662121366,-327778508
Top 
Top 
Insert -761495858
Insert 847534654,-590128482,894638182,-76338455,-217501024,-397025036,704608745,742076013
Insert 26637247,-537445505,-655758769,337120113,650386248,707319312
Insert 916828471
Top 
Extract 
Insert -435799646,642010644,-749063442,-320914764,-591439426,83747328,-820734960
Insert 61838530,-554918444
Top 
Extract 
Top 
Top 
Insert -288192543,-940274227,970545466,-358194928,-2571328,-750775079,-849265143
Extract 
Extract 
Extract 
Top 
Top 
Top 
Top 
Insert -110078641
Insert 991904879,-80132675,-316772486
Insert -518194706,-363954883,-546859120,372185711,-492334578,914078331,-868631278,96902558
Top 
Insert -994261761,-398341625,-421868496,743522164,640012663,-766226941,-356790917,128361601,937942598
Extract 
Top 
Insert -888169266,-848597258,-176287234,585815258,-765973717,-277734732,-976807496,278446313,-400482849
Top 
Insert -931766337,-296998827,223586677,95251302,-909883370,852224807,-24204506
Top 
Insert 102811223,987289696,-823499959,-359220983,314027986,713645374,401661442,987488968,157653629,650898949
Insert -49536696,-20212146,803001572,993473402,940532948,304640583,-406920164,-413221833,83316748
Top 
Extract 
Extract 
Extract 
Insert -367720293,801028874
Insert 631893257,253391879,198423918,366731880,-500157136,593049582,-523996188,89836992,-790268409
Insert 494176935,-364499938,333065305,428879764,429789604
Top 
Insert 505992631,-722528475,465932769,924045206,101530658
Insert -891741341,-191024287,-177123737,-147459436,790637779,254011473,801715102
Insert -119330178
Extract 
Insert 754420140,-911022015,682887224
Top 
Extract 
Top 
Extract 
Insert -695612152,74821997,22835335,965242096,-941290416,637219302
Insert -878638430,-123079626,414144963,-918504975,747939408,-80172288,354749781
Extract 
Top 
Extract 
Insert -853439041,470831786
Top 
Insert -466712928
Insert 584978460,989019349
Extract 
Insert 565137592
Top 
Insert 794384167,77490682,446279115,-156101406,799692324,-835197386,527534879,490254419,134517731,546507034
Extract 
Extract 
Insert -25167055,107012434
Top 
Insert 694677178,-853167866,-106439647
Insert 8745502,-522576220,-201197197,522493604,991203365,910512234,-744126436,275216158
Extract 
Extract 
Top 
Top 
Insert 236040723,302102234,-65406828,-222779074,-553239798,970707701,-653642794,-532965568
Top 
Extract 
Top 
Top 
Insert -916441014,-108446782,-817219449,-396079071,-302281035,111555988
Insert -248157097
Extract 
Top 
Top 
Insert -902414828,-180360126,-844320084,347182102,66944394,690487526,-7521769,-895206264
Insert -300654016,962794211,-333868482,-417103174,608045179
Top 
Extract 
Top 
Top 
Insert 519996476,559841333,137747782,457283694,920523619,-185948705,-568381116,538513144,-613347408,-729595932
Insert -266491229,-39461367
Top 
Insert 814623287,-638766020,-618039314,97337070,929747523,19067658,-537144242,867806330,-427215588,936966876
Top 
Top 
Top 
Insert -369329771,455950892,669042906,94126142
Top 
Top 
Insert -977784970,-607977427,625323738,-391540043,479484144,-556039949,-953919153,-697286538,-726289729,-69393026
Extract 
Top 
Insert -917277226,19887003,758774576,-442689765,-226429944,-482868860
Insert 858097553,492985174,369872312,756699755,-154823291,509649596,-66440523,929385218,288336252
Insert 314237850,-968679236,-259162483,-301773622,208856667
Top 
Extract 
Insert 838787023,537667607,224571264,-827269069,-70607923,7578830,-382201010,-612274276,-941690123,-234490810
Insert -111855522,-70673493,710005706,664591794,464715364,908923871,-384097387
Extract 
Top 
Insert -784087921,335871310,970077515,529887916,841479191
Extract 
Insert -343197594,134191729,-712623387,159033912,-602555686,937602497,485488677
Extract 
Insert 774762847,996704401,683155580,-539763285
Insert -982269432,-535714364,-984157882,-382164462,-206360259
Insert -476272834
Insert -75519039,46408568,697077190,-998441914,-679343191,-332429117,870755405,905185567,-55563815,305133695
Extract 
Extract 
Top 
Top 
Top 
Extract 
Top 
Extract 
Extract 
Insert -909291848,-270022980,-686654907,318928073,127995791
Top 
Insert -818290388,-410313721,238195205
Insert -857369925,127029081,-35926419
Insert -63573751,-702188147,525145078
Extract 
Extract 
Extract 
Top 
Insert -886312546,977209115,-799991372
Extract 
Extract 
Insert -593549353,-112201928,862203905,855643685,327065084,313292834
Top 
Top 
Extract 
Extract 
Extract 
Top 
Top 
Insert 652079973,-481191473,988688010,383465313
Top 
Top 
Insert -974546224,-249128742,-851526585,522714072,393583098
Insert 412573476,-359229429,-400481587,434492680,652023637,834252191,-138806285,-10179736,-697673425
Top 
Insert 648439077,850090697,839412754,822693587,677580821,-540816790
Extract 
Insert -354125258,-795626807,417812955,-148511119,23642047,449197800
Top 
Insert -376165073,718892204,775541694,-317808206,-428937094,-451645687
Extract 
Insert 341833559,488689434
Insert -670296046,-87538310,963045130,368335257,-961407991,897622392,20446128,-856381376
Top 
Insert 870841855,288251222
Insert 282659713,-145847199,693428215,-902072132,183460598
Insert 814833394,168246631,-32976330,-747802866,794766024,763727283,265722760,53279101,-635685658,543499940
Insert -390019372,290283582,-843287271,-285180328
Insert -837572516,-476975586,630014302,-511881168
Insert 223216729,878173831,-607110964,333005908,148089756,-956116605,-404300467,111807591,-618559248
Insert -874297265,-852698140,-488460013
Insert 213790055
Insert -699710060,788808369,-563915713,-38335198,-665022553,-611278430,386651268,107329259,398962682
Insert 910648730,-170028220,-719847839,-637236139,98569324,-622012384,-842254284,65321123,37975476
Top 
Insert -808070863,71956251,165869757,-321170251,-845716186,-692362123,309192357,257231114,272964695
Insert 742328413,46988550
Insert -575823124,554033290,-894161324,767674030,429782758,982248526
Insert 579569052,-370695543,309107771
Extract 
Insert -721665548,248536294,-401861950,-370325632,-281764759,155280307
Extract 
Extract 
Insert -992771546,-92953832,-827264163,19740342,66506116
Extract 
Top 
Insert 121006068
Insert 402757069,-387380843,-917783043,106353326
Extract 
Insert 513056769,-877372709,-711964416,-891671477,-92779627,742671196,390491532,690645786,-541064337
Insert -853268516,-277595755,809712424,-795001687,470223072
Insert 173629765,777706670,446596408,690588506,605682330,-927340132,399014902,798055773
Insert -3426,658895310,-959048266,-807703757,-870349521,499552196
Top 
Insert -108454417
Insert -231919795,-672089658,-410648457,62652167,341132532,-679406563,-289216412
Top 
Insert 32383854,-863338095,937268999,786081098
Extract 
Insert -475684573,-661704302,334825295,-147022284,294836618,872358742,-476758974
Top 
Extract 
Extract 
Top 
Extract 
Extract 
Insert 448043768,516207079,13955937,232537259
Top 
Insert -562750569,-967767637,815105216,-920236152,243634858
Top 
Extract 
Top 
Top 
Extract 
Top 
Top 
Extract 
Top 
Extract 
Insert 693601983,-608664725,628614977,-984869729
Extract 
Insert 839220432,434699425,766171642,-506578232,192968560,-12567732
Top 
Insert -136115813,661971281,-667404605,-429771418,813304342,-515655280,-5248188
Insert 316936681,746355921,935813664
Top 
Insert 870294356,-26759095,-385854431,737714053,-939877474,127590485,-405046311,881226786,999249922,840262060
Insert -71476706,-794868971,-162476846,-603306527
Insert -596398552,955653510,64748308,224911760
Top 
Top 
Extract 
Extract 
Extract 
Top 
Insert -504232184,-255640919,689624914,-214892736,-527011035,821829920,150330091,-291997120,552040401,-29145269
Insert -973321331,-808995050,-450039451,175925348,310660211,-2283530,-81236487,890222341
Top 
Insert -991797138,-576014891,199970691,657355652,650123329,-450642158,687514489,-26876944
Top 
Top 
Insert 985769804,-665929189
Insert 155494891,-898188827,13638656,-163420431,435907813,548618293,-244452296,-368955437
Insert -975027438,666641286,-25407798,-869525072,153564307
Extract 
Insert -729031158
Insert -401300594,984053568,-613210463,-44091258,-538832355,-427510476,555098743,999634601,-406927170
Insert 375486473,-752752733,-546082922,-929983856,550821585,417050297,-870622532
Insert 380852181,606521274,823707759,-35074203,-281229334,190008057,-363941565,-871046201
Insert 787298558,635782264,-398904045,-818064906,624499204,850126200,-774104444,-842696317,-992743767
Extract 
Extract 
Top 
Insert 401882382,878115974,-147249709,704175478,367322943,-165285572,-189860435,-915950557,937392786,306131511
Insert -380299739,-889681622,807819062
Top 
Extract 
Insert -237647911,90092665,895032624,-117116775,-971794205,-437917995,651480488,-339476224,-112028680
Extract 
Top 
Insert 743435576,-562574238,-471156321,-23589300,382344689,978709124,-465028730,837703699,662407124,392396252
Insert -352092359,755355437,-827822037,-156105668,-5674729
Top 
Insert -908053551,-704347798
Insert -72083278,-696005263,-750784199,-367301999
Top 
Top 
Top 
Insert 461443153,991169588,791017515,837354346,-140506971,-52109348,-492915380,34722147,15030694,-574074343
Extract 
Insert -994134015,625964159,254183337,616369388,-227946162,-807219486,903750415,-917269911
Top 
Insert 710013892,-999349715,-375358080,798928370,-584237503,-245097780
Top 
Insert -629237853,-273929564
Extract 
Top 
Extract 
Insert 661326763,-509379321,587533377,515165336
Top 
Extract 
Extract 
Extract 
Insert 775049446,-825989965,802274320,-937209903,252715046
Extract 
Insert 458470708,982128031,338556105,21010627,587852277,-784242095,1005310,-89900629
Insert 707508468,-719103927,-679690643,980635271,-565203542,964856219
Insert -870302455,273962690,-446427543
Extract 
Insert 372526138,-813194556,696990687,-853646976,395368290,666605004,-869448747,405861376,-643839646,565364787
Top 
Top 
Extract 
Insert 957977142,-88742727,218265438
Insert 310485148,-789896813,534754744,944109640,-540929089,238954932,-847354960,-204852936,-30255998
Extract 
Top 
Insert -627143542,-272979656,253597110,-374911542,-45526993,-369390881,558666765,800956779,-701362398,932688478
Insert 185843095,120292917,-4508616,274041509
Extract 
Top 
Top 
Insert -737711193,395611608,-514301461,-999919527
Insert 764467561,-97542757,577765079
Insert 786711180,473653001,774565240
Insert 273847475
Insert -942838612,673704426,-933908055,-745651861,-910482393,872531529,-454201881,675849001,830393413,-413742854
Insert 925758584,-218636803,-767471906
Insert 656223964,389142342,894242296,-687379763,-859360125,-74750182,-228373819,-39037312,412823547
Extract 
Top 
Insert 831663485,-622361466,-200981209,-364477798,456949516,197717021,892667332
Insert -902210317,-171509510,472909784,156692844
Top 
Insert -720187149,916132995,-34391047,733373169
Extract 
Insert -784608502,-510335966
Insert -872733426,-761080123,737745114,-628931233,-47489773
Extract 
Insert -305027383
Top 
Insert 667195092,886252407,699625906,-349515472,859599487,-359352337
Insert -764477017,278748215,-873192359,-428318786,-398173689,204778714,-760581356,-441417950,411962983,-492415842
Insert -593740071,291137187,439438131
Insert 583410610,891130455
Top 
Insert 434743525,-322748777,378478499,63273422,773529646,-743883894,-572320395,-262476311
Insert 96521813,458558606,440109132,552431842,-988902466,755224627,182723368
Extract 
Extract 
Extract 
Extract 
Insert -903243486,-883266106,84109161,302038143,-130120052,892529130,725853244,280785855
Insert -143792191,-405879083,-361966843,115241437,324236891,-138267731
Top 
Extract 
Insert -517007359,637713192
Insert -689724142,661658168,-894393457,-185789216,465469374
Extract 
Top 
Top 
Extract 
Top 
Insert 789937710,714462559
Insert -209984790
Insert -466962610,731383473,83345882,958452331,-493069322,-269353641,-111685778
Insert -130544780,611746876,542688223,582276261,-682867119,968949107,529182273
Extract 
Insert -538032703,-374276511,615065978,500846771,-218005822
Top 
Extract 
Top 
Top 
Insert -249470922,114332835
Insert 137204030,355006996,532221242,681248245,550481241
Insert 990157526,-245723104,422475830,-124981845
Top 
Top 
Insert -494028894,-465655103,513385196,-488500710,-816222823,-335904016,587754387,193078268,40531530,-360919577
Insert 890180448,-386355914,-929405872,-902452967,-907668024,-127777100,-415678107,761506522,-686118172,-2428667
Insert 917821588
Top 
Extract 
Insert -693576707,-471505076,-305919287,-478087546,-308618339,-957324629,325487428,-940077,988209577,-746080980
Extract 
Insert -91318421,785419365,998881483,665725881,-164974885,527858843,841439206,-290293383,-465525457
Extract 
Extract 
Top 
Top 
Insert -530920849,573993573,-966441076,-913287090,-31323402
Top 
Insert -478936061,410477923,-422363047,-863275063,159567601,-692228247,-57669209,477244271,838903274,686440479
Insert 616559981
Insert 339315455,-758900929,517455788,221250040
Top 
Top 
Top 
Insert -579160033,-986911225,256790588
Insert 984033088,-820164735,-600475138
Insert 350474425
Insert 214909236
Extract 
Extract 
Top 
Insert -413489367,-574444889,877727268,-442520955,-231671627,918979472
Insert -486221586,-64635420,-655491733,-816202188,-252987453,334171872,250894876,768385230,404450301,-940220942
Insert 956426708,405153296,-319163354,-252079972,-298538591,-580289784,237277426,-229674332
Insert -296452231,-911457350,517573613,-648783609,-308515818
Extract 
Top 
Top 
Top 
Insert 931518738,-306632708,-166822509,569128077
Top 
Insert -203345086
Extract 
Insert 317097298,-896251946,14948049,209365974
Insert -263179552,-310891864,227930841,-379276914,-966871493,150010898,-370176665,-213405094
Top 
Top 
Insert 280600247,-795840112,542017014,-548818553,-630648132,-65304659,379347353,960010375
Top 
Insert 734230567,-487040556,-524845441,-56171369,478803581,-469891765,-871125833,-847275526,-512340389,395453398
Extract 
Insert 849716242,265768583,37062436,364967200,267812262,840353381
Insert 488578019
Insert 851761770,653349777,106389500,-756079596,-814979313,-525519897,947419447
Insert 328017566,482180523,484976409,426386343
Insert 602361872,-372299301,-384499479,502069611
Extract 
Insert -237665802,-857836107,960926743,-953808385,-193748520,-645047632,548870655,247174355,118991164
Top 
Extract 
Insert 835935496,-563218541
Insert 986196922,678438276,-646295705,7795788,447731745,171823137,573745933,446735985,-869519440
Insert 938588390,-157985800,-353032582,95130529,-772934134,-543680981
Top 
Insert 847052606,-296988132,661376089,-690000657,-348295448,427583350,-1420246
Insert -99009558,-675517891,627818225,-815914825,-266813048,-891939450,-145542454
Extract 
Top 
Insert -619525997,-453281538,787892229,-426620553
Insert 536832622,151386894,-891043272,631645929,-736882543,-363146754,-580262382,750895198,-875267250
Extract 
Extract 
Extract 
Extract 
Extract 
Extract 
Top 
Extract 
Insert 407828426,-10028542,699457368,-313123205,544953394,-207430574,255814150
Extract 
Insert -603778922,526651349
Top 
Extract 
Insert -521983205,-279257798,-793485659,-698825908
Insert 817622874,548468094,-462659659,-507669697,-222446971,-399550515,405429154,675067909
Insert -560353137,-651782271,76619394,-58510584,-216182142,800007548,59353582
Insert -89558252,-206096366,642202308,-463207910,-815090992,660512736,-576889630,-567878061
Insert -324787678,-545685430
Top 
Insert 200615442,128558815,138116969,-25239697,-194851511,239252224,-140760447,-442493479,-381253530,416997451
Top 
Insert 369853746
Insert 171380531,435127343,568792146,644761643,-213681160,-972631528,-14501107,-72515734
Extract 
Extract 
Extract 
Insert -372330815,886551753
Insert 492204505
Insert -291609502,740863419,776053283,-341742290,919084528,254627918,-440807109,-947375604,-836266356
Insert 366262614,787945656,689095802,-856527890,-255860205
Insert 367371759,340185834,223942818,952509169,869358040,601811510,801081970,266116006,-425477275,-976397240
Insert 361930825,-816803011
Insert -637984419,-70369151,430419841
Extract 
Insert -248381996,146102575,-804715161,631043214,-282549059,660413817
Insert 711610189,-713340895,-618915658,972299202,112842289
Insert -667809801,-972491808,906559474,-655712517,-412092955,424323577,-483634532,-297566321
Insert -571387907,912080499,876633507,530360345,-173385369,-778121120
Top 
Insert 471457000,952776712,694998889,337033557,570649888,32168429
Insert -867876548,566013557,-312187608,-322912673,514850610,935245486,919235353
Insert 980581081,-664253468,-192732381,852841695,579987265,-264318422
Top 
Insert 159761123,721638243,-246557078,615060632
Insert -163688037,-736090813,-511782014
Insert 939175910,921607841,130919228,-962279594
Top 
Insert -972470269,-229738832,990859249,253605669
Top 
Insert 733046050,395652466,-424828555,-272239315
Extract 
Insert 916964477,-143170274,577793550,923706387,435965833,-620286784
Top 
Insert 101665366,335763606,564561979,-171497299,247918211,480093274
Top 
Insert 458764188,111804375,-958871565,240448298
Top 
Extract 
Extract 
Insert -911189068,-968391659,977741216,-826279430,-370360442,569908097,-189544255,-197843466,866816174,288069449
Insert 582449616,925324070,902728067,-522563883
Top 
Extract 
Insert -729914149,-120368376,823146054,-772336659,-101615875,483195288,804002216,978257019
Top 
Insert 883672575,391392353,-946603863,-550913313,691872968,875168851,-481768498
Insert -806696794,151535855,-153033381
Extract 
Extract 
Insert -357687556,100438279,711259107,-898933875,832325373,-99479001,238471638,-701602737,-526668395
Extract 
Insert 852620080,69601951,-627416065,881036457,322605310
Top 
Insert 735459026,916217775
Extract 
Insert 306116286,10246369,-370016777,619776118
Insert -932476303,687804980,-160984574,-366619294,995711803,222032045,642921864,-935388572
Extract 
Insert -176963902,-399809563,934694207,368084605,-622584532,873688945,23043881,677311680,-418618143
Top 
Insert -479914742,-164851304,-168665171,940753266,-282466206,-555964922,-894513705
Top 
Insert 173817522,96770904,925856008,-605337040
Top 
Extract 
Extract 
Top 
Extract 
Extract 
Top 
Top 
Insert 882774919,-134122446,119224127,-125868158,-880227710,-199720906,853547768,-36135365,665696518,746125381
Insert -541462484,121116944,357482695,-199862972,535153995,-232969799,498312548,-932448214,-567785566,-187804531
Extract 
Insert 295577983,711742084,-110564335
Extract 
Extract 
Insert 197888590,-932286713,-575559710
Insert -985217818,643681936,-97465111,249149042,-526863138,222148760,710464608,862062428
Extract 
Insert -33443599,-58543183,926210646,-960346637,6548647,770880291,295493484,-7596016,-117169690
Extract 
Insert -827529292
Insert -518777639,-735164351,-375701226,996965732,-140313252,791901521
Insert 306824598,-761085235,510027605,10667316,-111110992,740586332,350800652,239155537,-754533047,-840354453
Top 
Top 
Top 
Top 
Insert -172215127,681239080,-844834320
Extract 
Top 
Insert 502898,-944086982,702919279,-206874474,-18827809,298280467
Insert 969740170,-98930442,-537861311,-707560447
Insert -614308521,-511879217,-266993945,441279545,-63180441,-711223856
Insert -787065206,721483904,-174769896,-54378793,806695016,-62947234,604999098,964128402,528923809,495572770
Insert -955504836,679891817,-240541084,-883196125
Insert 623818018,628652117,-627631353,-310047319
Insert 538924617,266619204,-459242045
Top 
Insert 497134529,-564880815
Insert -522595502
Insert -842559107,919577284,818079070,-203502023,-250450187
Extract 
Top 
Top 
Insert 423682697,-683284743,-206546717,48699462,550206457,967569074
Extract 
Top 
Top 
Top 
Top 
Insert -673773482,931515228,352794407,-641740712
Top 
Top 
Extract 
Extract 
Extract 
Top 
Insert 947028476,-757651208,867467593,21529388,847342196,23254554
Insert 792176658,583403661,333319878
Insert 445501947,-879636127,-456922696,-151786893,276319545
Extract 
Extract 
Extract 
Extract 
Top 
Insert 805091232,-153750764,145288291,-855579659,802794334,456615321,-798747363
Top 
Extract 
Extract 
Extract 
Top 
Insert 35413790,681839016,-793119597,-308313989,-428561585,764003477,-644572730,527217250
Insert -342649783,162535538,-144754421,-572968811,-272973574
Extract 
Extract 
Insert 465393576,834549121,-224163905
Extract 
Insert 346213599,-9182823,-709987453,-692797488,-602155320,-278429539,-346407973,-576290276
Extract 
Insert 227534967,264581477,-164066005,-704952703,355609008,851103407,-818614483,711741331,12266816
Insert -182866539,195726424,-641710046
Top 
Extract 
Insert -935669517,642786173,45283621
Extract 
Top 
Top 
Extract 
Extract 
Insert 140370793,-82350244,82362644,930933901,-1745472,122855295,-15771699
Extract 
Top 
Insert -56155941,40255735
Top 
Insert -816694634,-295449755,842420537,338342752,-572927461,-376926359,-223248320,-14074260,-926355410
Top 
Top 
Insert -914897581,-274630827,-357932786,762565595,756249638,-211494140
Extract 
Extract 
Extract 
Insert 810987587,-935423381,972050438,829970310
Insert 205741659,779545407,186312288
Insert 12806735,821619357,376908062,362139042
Top 
Insert -821711022,-510277632,952867914,-751529761,449477749,-185875758
Insert -951675040
Insert 470644538,-652089129,696383632,-514572507
Insert -204450429,254298718,-71828755,-415599064,-222348458
Top 
Top 
Insert 120751986,11957785
Top 
Extract 
Insert -116315727,-263734586,269320806,-372371956,-245829309,495716521
Insert 634253962,-402586343,985186991,-980341907,-212594277,-617382349,740158877,-419252158
Insert -871463130,-635475912,-895401992,932212820,-342490197,397683277,251869467,-95342073,601722181,-820513612
Extract 
Extract 
Insert 96060899,-234084186,193824483,-231725205,-72059177,748407465,357895285
Insert 632822866
Extract 
Top 
Insert 19557253,196952848,-793052561,392962594,-510282596,836574356,57767983,-166144194,-579376865,-32991082
Insert 279255716,-942940436,269883123,215246312,-119397910,-318716826
Insert 252516122,545960489,33898355,-100135522,352063989
Insert -539579744,-191646649,57947414,-451451406,-47937266,396028395,38707913,44404050,-379527661,-57108163
Insert 730499513,854868747,-384013360,-621999305
Top 
Insert -449091088,916244694,-262022392,-42280645,292517306,941386164,-157490660,-485422791
Top 
Top 
Top 
Top 
Insert -157288781,-128395517,-214711476,872045189,-915731012,695736336
Insert 817960124,37211524,-721388156,355155921,-338440471
Extract 
Insert -373833663
Insert -451893284,-644340329,-852183844,37005720,-789202433,339631589,765787503,-504691695,-712177763
Extract 
Insert -977781379,571020419,101439371,789083897
Insert -707928566,593392203,-206109450,-221848325,663460970,-327931550,-869640946,899783288
Top 
Extract 
Top 
Top 
Top 
Extract 
Extract 
Insert 556292977
Insert 998171847,-688645746
Insert -320203759,-680922161
Insert -855799359,971820910,-949560572
Insert -527669265,-76592457,687831211
Insert 235564621
Extract 
Top 
Extract 
Extract 
Extract 
Top 
Extract 
Insert 34758781
Extract 
Extract 
Extract 
Extract 
Insert 139848739,16958196,655928114,-59302729,584886831,-774478496,687798471,-967040000,-593675063,720297608
Insert 284458855,727059921,582597052
Insert 114620923,256346943,605928143,879540342,748963478,485485596,297751638
Top 
Extract 
Insert -311071661,125069483,803781276
Insert 272957196,753068287,-690923894
Insert -661917898,-515362853
Insert -342991635,-269797145,830676958,-508426391,-398611243,-682634220,-401386928,266912492,951181604
Extract 
Insert 458861842,-330239858,-693232080
Insert -625696407
Insert 876786088,-84863696,734004921,-243379648,-216665449,740620962
Extract 
Extract 
Top 
Insert 875313307,-77858426,-738186723,-895212432,771647417,516388184
Insert -724730094,459714308,528723224,-660853275,-995553258,23573093,-997244050,-2237309
Insert -116698122,770702284,-219136209,509588467
Top 
Extract 
Insert 255443749,727093131,-573213741,-997548347,-748198626,908120742,673674598
Extract 
Insert -406983153,263792385,-146656350,-163713259,263806550
Insert -437241380,865359223,549023680
Top 
Extract 
Insert -976034850,605277289,-132510563,-713726863,78266063,535270134,-85970542,-112827891,-401125815,-153747077
Top 
Insert -374826278,-52470512,-985380182,-692047237,-800431959
Insert -905812812,143332249,-223543493,-708839846,824298548
Top 
Extract 
Top 
Extract 
Top 
Extract 
Insert -324998818,517659091,722105869,60144628,-74745039,274756933,145946904
Insert 856150727,170378376,293442676,-491503502,930543163,-923547170,17103986
Extract 
Extract 
Extract 
Insert -379558076,-200761667,200866744,-478947276,-641534868,776315016
Extract 
Top 
Insert -442717210,-440918374,346024685,455241744,-122514551,-77188039,-308724612,771392698,-14715570,629998107
Top 
Top 
Insert -215193428,-892217406,515474493,-982141607,329854052,549926655,708680540,827145246
Top 
Insert -205710922,-658496056,-405179461,-68296772,-546080453,-13886393
Extract 
Insert 720316763,760921158,964209252,711446269,715183500,926565368,299037226,519741244,275696654,-809411360
Insert -861386168,-423567672,-481335383,328242506,-133747365
Extract 
Insert -846189579,806571042,693696974,-573933442,-543944541
Extract 
Extract 
Insert 185931982,-278999744,-51713014,604180869,954249654,414443283,159442393,458929477
Extract 
Top 
Insert 884747176,15789442,402903084,803515257,413871621,277766896,240750153
Insert 810023751,454420828,791705954
Insert -750084301,-709124787
Insert 191022843,-886778705,-437836179,-18639253,-234409126
Insert 462219885,875681802,-518840908
Top 
Insert -135042922,-567430548,522336328,-194397726
Insert 927977888,762241724,-784608504,218526786,113261537,-386798747,-830429583,-612486495,459007016
Insert -830410708,849824592,426578069,-98576747
Insert -991209227,-853312494,-680505077,-308551543
Insert -668830095,-902298296,-425653359,448718054,719219436,-304145115,-961083145
Extract 
Extract 
Top 
Insert 677630103,-189079505,438823617,32892131,-920137013,-340651296,403848691,227592117,805738241
Extract 
Top 
Insert -829097340,-405752491,688629947,837867526,-426594390,130839883,-355116909,-189687178,-149129463
Extract 
Insert 941567214,340121944,255895895,731856670,459858877,141698211,647076083,-318649161
Extract 
Insert 811676759,-588515950,416280858,343258072,-62744689,706887253
Top 
Insert -807964450
Insert 659427185,-869578891
Insert -752040402,941907305,403177342,-929222084,358843469,800939548,-316979967
Extract 
Insert 190988169
Insert -116550073,-704049328,164372551
Insert -560096005,30909344,-668773847,-318925002,230551101,199640660,637212956,-819930663,-543376189
Insert 905805595,-37550252,-285857415
Insert 360091388,-496753364,-253124704,-58933200
Extract 
Extract 
Insert 247438193,810213779,-604000966,-249706863,-938947520,121070852
Top 
Extract 
Top 
Insert 690956681,-282319109,-641348931
Insert -446013343,389670016,280208617,31675139
Insert -593208634,-334599429,714261857,808970547,343824625,261498704,-852103999,726749466
Top 
Extract 
Insert -662559422,325383603,-386905105,-550311599
Extract 
Extract 
Insert -779916496,-732458486,-947209808,-248112629
Insert -175945758,-427187556,159953912,-332806097,-386465221,40788641
Top 
Insert -506035496,-80303896,-881234556,-467234322
Insert -76302317,-949940315
Insert -840536562,-680552393,194768201,-712903443,-752184594,-323290423,-890735823
Top 
Insert -323643095
Insert 875452127,-125691685,450704325,568224747,756565835,-204777052,-69331260,-60994187,-675394218,433997692
Extract 
Top 
Extract 
Extract 
Insert 552210448,-855745181,797767103,-523053935,568899268,-922815109,903752133,962017524,-568025029
Insert 150459154,-847954424,-222861013,-903065638,948023651,-186799408,344362332
Insert 921463366,804369899,11135231,-210341134,760282657,601744482,461815708,-355925536,102955550
Top 
Insert -121670889,805751682,-518099395,-292593569,915041088,900934927,-403040463
Insert -991830440,-286329085
Extract 
Insert -461424216,-279389131,311580108,382147262,-85863102
Insert -179333632,494396270,-237515807,-467783275,285128681,-442204540
Extract 
Insert -600755474,48424169
Top 
Top 
Extract 
Insert 506265507
Top 
Top 
Insert -307621458,950081155,363396192,399220026,-459083648,655412332,422006428,-891834331
Insert 447758583,-355662494,-764670451,136971830
Insert -375828131,561886084,-366111096,215174528,808475240,532541146,-904000894,637060437,-230253566,533931064
Insert 522780593,834340422,-227737160,-909212509,902259697
Insert -41595869,776208218
Insert 400249064,-306330924,696883442,845584687,-636049831,130912904,-883755326,-419541859,-669437078
Insert -74969201,39728191,40204337,736436081,-684928061,-278667496,177431006,986688254
Top 
Top 
Top 
Top 
Insert -954058326,195978011,472075740,-103611585,230946378,-807718722,-810580392,839685797,328617070,-364897683
Insert -735976122,-313394411,-67269739
Extract 
Insert 359331867,765028506,90298032,243553542,11981776
Insert 451592178,512305236
Insert -55183964,-754468234,-137873952,-860866629,923068042,-149379648,-965264397,415444822
Extract 
Top 
Top 
Insert -415537094,977698293
Top 
Insert -705377966,-478712270,20726514,-884027910,686854001,405228789,-643873154
Insert -253594094,-743419301,860940825,532205560,843726326,-710092439
Insert -331009072,-623554815,-167247174,841142278,2594733,-308035106,458862199,-22855414,149130261
Extract 
Extract 
Top 
Top 
Insert -598561550,-537020700
Extract 
Extract 
Insert -971061193,-486564490,558278686,397755786,466594123,-186818394
Top 
Insert -328464228,-469801533,-875186379
Insert 580626938
Insert 966177331,-820247450
Top 
Top 
Extract 
Insert 828887220,85654549,-642704013,21966956,-840807387,-647112778,-320582741
Insert 606997297,410330032,383408827,948905346,-74504304,276216701,-282202664,518049108
Top 
Extract 
Top 
Top 
Extract 
Insert -914083556,-965348990,995721057,915724143,-252099077,-880494702,-870708915,-539290602,445378096,-811184634
Insert 104453013,562885826,-860563612,683622879,959111777,559848394,-274861678,644353851,-85851255
Insert 912361316,-383001237,295031496,-918166035
Insert -249332731,-765683285
Insert 972827630,-685297764
Insert 459579072,-278442184,439651813,151323683,-714006022,-387484432,149747118,-687445568,933054092
Extract 
Top 
Insert 350312743,995082867,971041131,-232384445,-63966806,-589637109,893225756,-762198835,-54034826
Insert 434704587,-618079058,-885105458
Insert -822867932,361452505,-118746301,257104373
Top 
Extract 
Insert 73689986,555634634,27729921,-840618741,-598895029,124705254
Extract 
Insert 650577607,957247896,771070369,504296404,874099898,836130481,-787017174,-234532970
Top 
Top 
Extract 
Extract 
Insert -436656627,-722239020
Insert 508697839,107123297,-368730156,-714141613,667892011,711613762,-302862590,826061961,675292145,96439802
Insert -505738774
Insert -765674045,822586830,669397827,319016779,586085860,-144731663
Insert 222035947,796616534,-794186098,275392765,9011706,-622964790,270665254,-552419377
Top 
Insert -602556057,579461848,-661025256,457949348,887792905,399323945,59767803
Top 
Insert -662528872,-106434096,-115555355,-764587083,-798257013
Top 
Extract 
Insert -856745053,-391126273,766352714
Insert 859567741,-32098742,-644628160,-957891184,383239915
Top 
Insert -381128384,436362993,279571325,798563460,-833026841
Insert 496806656,-378754532,-935223925,-212582454,263895868,516067455,-253798117
Extract 
Insert 912875560,954856979,-203257695,-350245442,-684212982,500751677,379321385
Insert 65261648,212164110,-100536646,-930710859
Insert 442674960,598480036,-54774577,-914161555,-275857411,-349621231,551779241
Top 
Insert 149908711,985850528,-935468565,-245192052,-561239502,787356056,-384436115,-277585940
Insert 343478358,83844316,-580707500,776939453,130908797
Insert 631632057,-547262225,-207621228
Top 
Insert 818290817,-764369722,-263717821,-982186897,-424978474,541166829,-915527803
Extract 
Top 
Extract 
Top 
Top 
Insert 472242348,-250041139,7377466,623239127,-540925386,944824599,-410341570,-200732488,-106393629,789683524
Top 
Top 
Insert 552642559,70322641,-193257357,-977875194
Extract 
Top 
Extract 
Insert -513951087,-315825639,380851220,55547623
Insert -793866910,-311537978,488535522,-395498798,103165628,-966767241,710356750,-91916661,493670539,167889534
Insert -709943881,-168222862,561289164
Insert -327501635,346038004,889219375,246455352,-328095858,355126763
Top 
Top 
Extract 
Extract 
Top 
Insert -626244750,-894150048,709497457,869874411,-742806532
Extract 
Top 
Insert -882553154,544044998,-938209827
Insert -786537458,-692800395,486799545,916478275,-69801222,620330575,-777749755,-367484845,-515556659,612447253
Insert 393747325,712788916,-237619785,-484734116,-346337785
Insert 525393698,-994240813,-271815285,442583094,683114713
Top 
Insert -523358036,698099574,-674755375,-193371801,-765783206,-945003800,462953574,-854475621,868084785
Top 
Insert 599416741,-429038478,-381994986,6079146,321686192,-435062592,-695537609,-695361851,-97547807,576772005
Insert 672619411,49218214
Top 
Insert 349614537,-547161105,-887216138,-230421020,-758193751,525017376,-984845103,-177814886,874131079
Insert 722742292,-92248406,351735180,-200929062,-86313012,-887605283,276458665,-139095350
Extract 
Insert -33860205
Top 
Extract 
Top 
Top 
Insert -750598382,-104734010,-565038575,912840513,-970031786,587956889
Insert -119635765,-116450415,-625080007,-584203521,-615170134,73020895
Insert 653825195,273277520,803330978,-876742228,290690733,227044726
Top 
Top 
Top 
Top 
Extract 
Insert 510019094,-873045880,281995967,662290821,87492812,580521777,788219973,-552928899,369580152,-647656669
Top 
Insert 521862461
Top 
Extract 
Extract 
Extract 
Extract 
Insert 908344883,719570924
Extract 
Insert -744264013,-227411608,-408590188,-299889616,-140674224,-72068353,361457011,-195087895,346600220,-555153253
Insert -863624671,189092257
Extract 
Insert 713818866,987103833,-469464556,-146726722,-711891855,888744918,689109563,-570636540,936182392,-35697531
Insert -831117667,200276893,-993540866,701046952,955577217,-37124361
Insert 56783439,588063075,850320914
Top 
Extract 
Insert -32337196,-608886884,-172795360
Insert 113654551,-234473159,565905370,-87992471
Insert -109274834,-446900008,-748815314,12436544,413895176,-650170901,560012168,-684545225
Top 
Top 
Insert 952579863,553324875,513729548,-904384843,259492160,921612128,178803732,-180700259
Insert -305424061,-851048297,488992548,-729229621,-419973932,669025977
Extract 
Top 
Extract 
Extract 
Top 
Insert 747618763,-17779477,482610502,638004754,60013319,-673056420,-745498137
Insert -896990196,-882588497,-780319267,458053556,-36782799,-925644882,-691417485
Extract 
Insert 375399228,-498448054,549695676,276758791
Top 
Top 
Top 
Top 
Top 
Insert -354183733,-142490058,519237260,120244669,-955086729,-217360211,248400724,-671765424
Top 
Extract 
Extract 
Extract 
Insert -916660548,791757159
Insert 800862125,-742119425
Insert 887073114
Insert -531727119
Extract 
Top 
Top 
Extract 
Insert -526286397,-111733696,156891259,236794974,249360803
Top 
Top 
Extract 
Insert -54166627,-31726889,-945231726,-640405431,856389414,254347296,-663773706,-319228800,-987488806
Extract 
Extract 
Extract 
Insert 519091684,-186880083
Insert 310118852
Top 
Extract 
Insert 149155776,484691501,-292097036,-186217690,728801863,848848406,246916548
Top 
Insert 693179623,763702894,-917674278,771339018,171351492,-887022474,-671526361,-821380761
Insert -95279407,444369111,777394228,960042339,-274328414,208532884
Insert 614182667,250932842,856853959,266636242,-969268785,834360081,38646506,754403119,343741968,473244413
Extract 
Insert 857312229,164967626,-308707786,483509322
Top 
Extract 
Insert -413986532,-751412526,-283593110,-909977882,-241683453,-369780856,428973433,575927793,804841633,101798753
Extract 
Top 
Insert -725289104
Extract 
Top 
Insert -765706487,-777564939,336696401,860694149,459695713,-754226860,-433839088,-992281928
Insert 846646063,-995471867,-832352111,-146673734
Top 
Insert 774860586,314219275,727050615,964067027,78764697,-10393834,-549190106,-640482206,-226305312,286987931
Top 
Insert 1967017,200179588,-5102525,-956859167,545274901,-726751578,101219062,-76669194
Extract 
Top 
Top 
Top 
Top 
Insert -351717891,694178244
Extract 
Top 
Extract 
Extract 
Insert -927380397,-569854500,169392921,40938173,-927765208
Insert 914663866,521501005,140184252,-877205736,995744937,802892819,394916344,419243442,-412464364
Insert -949723912,508457914,-432788473,-652332487,-900767813,503768032
Insert -20078049,70901836,211176112,281996812,-897905911,-235917852
Extract 
Extract 
Extract 
Top 
Insert 598732036,389855089,605901111
Extract 
Top 
Extract 
Insert 699050791,-593241521,-134795237,-536515714,-845741072,75980983,-208201187,898168562
Extract 
Insert 213802626,-311311994,-877470553,-87903494,-584650218,184480054,956716931,27782511,938383542,-697945110
Top 
Extract 
Extract 
Extract 
Insert 641690510,-151828873,225337533,185663963,-425721811,-819213012,413062638,362080721,762088850,-140067683
Insert 88451928,812315914,-880535232,-175753654
Insert 664997530
Extract 
Top 
Extract 
Insert 874710254,-369302397,412646168,429354282,-55602882
Insert 7739836,-350840518,393261736,923295980,-96745480,-230247853,708901470
Top 
Extract 
Extract 
Extract 
Extract 
Top 
Top 
Extract 
Extract 
Extract 
Top 
Insert 197836587,200128125,-924307480,-463775026
Print 
