1
Add 1 273401611 4227699
Add 2 253382775 5101134
Add 3 870191053 12346509
Add 4 543076337 16940175
Add 5 835412660 26723470
Add 6 234383988 27816906
Add 7 643424287 28683563
Add 8 63244137 29607124
Add 9 889081637 34953346
Add 10 204279824 36003677
Add 11 679966943 37727524
Add 12 826844549 44866747
Add 13 11373063 44882598
Add 14 246172562 59566125
Add 15 190187334 67691448
Add 16 65717272 72074863
Add 17 689013558 74769164
Add 18 215864317 74847607
Add 19 566821539 78424789
Add 20 820856718 80876349
Add 21 46988807 85986071
Add 22 515674259 92048783
Add 23 756734087 97718072
Add 24 290195097 100275765
Add 25 127801880 101767596
Add 26 380944577 106893405
Add 27 762707034 107728871
Add 28 94298960 110802324
Add 29 420272403 112406728
Add 30 919432625 112737994
Get
Add 31 960308958 113889997
Add 32 12520418 115195011
Add 33 556085175 119160949
Add 34 336121964 120179184
Add 35 477364471 120322172
Add 36 556494122 127135403
Add 37 861153453 128168254
Add 38 220106866 131425071
Add 39 532303808 131665733
Get
Add 40 895166279 132837771
Add 41 737187684 133017094
Add 42 64345201 136390149
Add 43 515452012 140760154
Add 44 219651618 154432069
Add 45 613213174 159105493
Add 46 839193436 160500667
Add 47 788360789 164975123
Add 48 647288284 168351698
Add 49 317173130 168846728
Add 50 340311431 169935860
Add 51 81830752 176279488
Add 52 914854263 178348532
Add 53 88756708 178844369
Add 54 510717319 190139400
Add 55 88574359 190306692
Add 56 338234916 192316912
Add 57 640091829 195771420
Add 58 896674031 199434304
Add 59 928161404 206085178
Add 60 199119266 209518984
Add 61 375058932 214858478
Add 62 753394748 220539392
Add 63 967082778 226412757
Add 64 144687586 228546366
Add 65 677292265 232649255
Add 66 777548035 237622088
Add 67 403354573 244864195
Add 68 154263769 251878711
Add 69 413577648 258164058
Add 70 839476407 260240216
Add 71 244436453 261312474
Add 72 84672626 266891555
Add 73 34889020 268833934
Add 74 822072559 271148952
Add 75 850923169 273672309
Add 76 845297677 275076566
Add 77 223338544 276932661
Add 78 740429004 279183114
Add 79 659604523 284185670
Add 80 956739097 285070487
Add 81 779711980 299124396
Add 82 124806054 299858157
Add 83 470780372 300625289
Add 84 852933469 306666489
Add 85 98925025 307704499
Add 86 893733426 311544399
Add 87 941949601 316504162
Get
Add 88 793924813 319840419
Add 89 717357000 322558221
Add 90 225735284 324716590
Add 91 877225646 331532325
Add 92 152097568 341669727
Add 93 720883808 345577491
Add 94 825754760 353493239
Add 95 261358729 353692164
Add 96 552301214 356658612
Add 97 298048875 357982100
Add 98 280902061 358369325
Add 99 580206228 363403321
Add 100 150145423 364347810
Add 101 906012789 367708785
Add 102 474876889 370174428
Add 103 452068730 371499381
Add 104 84292291 373155760
Add 105 432624731 375158401
Add 106 704022869 376997941
Add 107 868143447 378337587
Add 108 33508985 382483401
Add 109 344863887 387892882
Add 110 490675966 388296022
Add 111 983492867 393489054
Add 112 874640343 399211001
Add 113 172874881 400525357
Add 114 82561520 401998818
Add 115 683372119 402827866
Add 116 736639421 403101405
Add 117 6321969 406249692
Add 118 97651986 408292510
Add 119 987443470 409573027
Add 120 964899265 411957837
Add 121 312790143 413715821
Add 122 659056023 437555938
Add 123 523520765 441087608
Add 124 259214222 441578061
Add 125 537777940 442118566
Add 126 816860201 447758624
Add 127 205636330 449528937
Add 128 533387600 452435222
Add 129 228938848 454408677
Add 130 11881653 455347004
Add 131 719961848 455383795
Add 132 669199096 457637587
Add 133 971989336 458616142
Add 134 948381857 459656683
Add 135 181967793 463713999
Add 136 722621259 470351348
Add 137 847277840 470434091
Add 138 831254507 473233047
Add 139 97776147 477652045
Add 140 151029633 480751538
Add 141 856958144 491872788
Get
Add 142 665112806 492439772
Add 143 68874948 496984081
Add 144 586866514 500757012
Add 145 946798465 501667320
Add 146 372467930 503833903
Add 147 446413949 504622751
Add 148 601939004 506285220
Add 149 872664152 509947246
Add 150 99523198 512549440
Add 151 311123804 513606981
Add 152 303640166 517528722
Add 153 119703710 518448739
Add 154 502988465 525660387
Add 155 133553919 529534854
Add 156 443998943 532571288
Add 157 487347197 535496804
Add 158 588201214 537709558
Add 159 704255809 540040087
Add 160 320287388 562493117
Add 161 126342340 563226941
Add 162 760861648 564665961
Add 163 982166264 567184101
Add 164 402710197 567890727
Add 165 23819231 575361623
Add 166 760597426 577252067
Add 167 810734114 585980978
Add 168 94384192 594029439
Add 169 777482954 594450019
Add 170 691413479 597345449
Add 171 693589114 600824846
Add 172 196863940 604746508
Add 173 718157631 606986397
Add 174 234058981 608591821
Add 175 566944722 614329927
Add 176 176738540 614860847
Add 177 668462810 617860575
Add 178 951145840 622526713
Add 179 486463370 624409336
Add 180 257058739 628788882
Add 181 188612004 632837983
Add 182 89363744 634098978
Add 183 791984225 634496962
Add 184 106620158 635674136
Add 185 526739683 639639140
Add 186 205105278 650020632
Add 187 471751878 651446018
Add 188 544771127 651954841
Add 189 973083951 655204226
Add 190 597184828 656235015
Add 191 575368885 656878382
Add 192 875243628 661596725
Add 193 534358528 661773712
Add 194 949430708 665034900
Add 195 972394102 668136664
Add 196 503967114 672039087
Add 197 690615550 676618189
Add 198 5217188 682488602
Add 199 558085094 686010465
Add 200 681004755 694085248
Add 201 853008169 696604837
Add 202 498944557 709254194
Add 203 90144374 717946924
Add 204 882517297 718370134
Add 205 825653961 724017548
Add 206 52883820 724958035
Add 207 80363827 727801778
Add 208 924934725 732510179
Add 209 503413650 733830207
Add 210 141779031 737705108
Add 211 825645857 740448892
Add 212 508680967 743961185
Add 213 661225832 744255454
Add 214 818445266 745620201
Add 215 837127755 752929303
Add 216 200475173 760177407
Add 217 411699366 763431701
Add 218 657863110 773125537
Add 219 347833901 774505883
Add 220 51350873 780986627
Add 221 134629753 781179962
Add 222 944337606 782515520
Add 223 7339133 787634026
Add 224 291254649 795367813
Add 225 587513028 798379634
Add 226 521403096 799124862
Add 227 547567990 802518284
Add 228 869616510 804848834
Add 229 177124065 806774154
Add 230 504423177 806871846
Add 231 249314248 807099775
Add 232 80778932 810150315
Add 233 268913732 810353665
Add 234 23105811 815312671
Add 235 984874105 819493674
Add 236 770690620 823957827
Add 237 40588879 831302445
Add 238 873445652 831318917
Add 239 176155442 834583569
Add 240 469447627 836329348
Add 241 58101654 836915851
Add 242 398004785 838371419
Add 243 155303787 839395629
Add 244 881325939 840825118
Add 245 157149724 841235061
Add 246 79425133 849363004
Add 247 377965371 851138084
Add 248 551219399 852841028
Add 249 236228560 856347677
Get
Add 250 381989139 862285551
Add 251 406924095 863186446
Add 252 21270044 863618007
Add 253 977866082 864543749
Add 254 608335685 878776866
Add 255 807295305 881123748
Add 256 201773660 886103366
Add 257 242226419 886213479
Add 258 375644906 886422804
Add 259 135516678 890430583
Add 260 785231704 890614260
Add 261 991804741 891561030
Add 262 761031436 896022263
Add 263 500658756 899047349
Add 264 179141427 909411018
Add 265 217936965 910041732
Add 266 541855992 920916628
Add 267 40166023 921195519
Add 268 366384030 923857310
Add 269 228292605 926025945
Add 270 599312911 928282403
Add 271 364524438 929431614
Add 272 458892405 931254668
Add 273 860168736 934997820
Add 274 886164331 938295122
Add 275 64435525 939084036
Add 276 502626550 939388397
Add 277 535533916 941502089
Add 278 420646535 942602451
Add 279 501229679 945282417
Add 280 975517905 946952199
Add 281 890731262 950317215
Add 282 140081389 955499406
Add 283 162965362 957123737
Add 284 572715916 959684711
Add 285 341886333 959820606
Add 286 270315833 964393992
Add 287 644924080 975110653
Add 288 651282286 980589411
Add 289 293655704 981957799
Add 290 972767100 983787468
Add 291 938900512 988206398
Add 292 586754500 989838704
Add 293 465769013 992346360
Add 294 177825033 997347924
Get
