17
Add 1 890614260 4227699
Add 2 567890727 5101134
Add 3 686010465 12346509
Add 4 228546366 16940175
Add 5 273401611 26723470
Add 6 253382775 27816906
Add 7 870191053 28683563
Add 8 543076337 29607124
Add 9 835412660 34953346
Add 10 234383988 36003677
Add 11 643424287 37727524
Add 12 63244137 44866747
Add 13 889081637 44882598
Add 14 204279824 59566125
Add 15 679966943 67691448
Add 16 826844549 72074863
Add 17 11373063 74769164
Add 18 246172562 74847607
Add 19 190187334 78424789
Add 20 65717272 80876349
Add 21 689013558 85986071
Add 22 215864317 92048783
Add 23 566821539 97718072
Add 24 820856718 100275765
Add 25 46988807 101767596
Add 26 515674259 106893405
Add 27 756734087 107728871
Add 28 290195097 110802324
Add 29 127801880 112406728
Add 30 380944577 112737994
Add 31 762707034 113889997
Add 32 94298960 115195011
Add 33 420272403 119160949
Add 34 919432625 120179184
Add 35 960308958 120322172
Get
Add 36 12520418 127135403
Add 37 556085175 128168254
Add 38 336121964 131425071
Add 39 477364471 131665733
Add 40 556494122 132837771
Add 41 861153453 133017094
Add 42 220106866 136390149
Add 43 532303808 140760154
Add 44 895166279 154432069
Get
Add 45 737187684 159105493
Add 46 64345201 160500667
Add 47 515452012 164975123
Add 48 219651618 168351698
Add 49 613213174 168846728
Add 50 839193436 169935860
Add 51 788360789 176279488
Add 52 647288284 178348532
Add 53 317173130 178844369
Add 54 340311431 190139400
Add 55 81830752 190306692
Add 56 914854263 192316912
Add 57 88756708 195771420
Add 58 510717319 199434304
Add 59 88574359 206085178
Add 60 338234916 209518984
Add 61 640091829 214858478
Add 62 896674031 220539392
Add 63 928161404 226412757
Add 64 199119266 232649255
Add 65 375058932 237622088
Add 66 753394748 244864195
Add 67 967082778 251878711
Add 68 144687586 258164058
Add 69 677292265 260240216
Add 70 777548035 261312474
Add 71 403354573 266891555
Add 72 154263769 268833934
Add 73 413577648 271148952
Add 74 839476407 273672309
Add 75 244436453 275076566
Add 76 84672626 276932661
Add 77 34889020 279183114
Add 78 822072559 284185670
Add 79 850923169 285070487
Add 80 845297677 299124396
Add 81 223338544 299858157
Add 82 740429004 300625289
Add 83 659604523 306666489
Add 84 956739097 307704499
Add 85 779711980 311544399
Add 86 124806054 316504162
Add 87 470780372 319840419
Add 88 852933469 322558221
Add 89 98925025 324716590
Add 90 893733426 331532325
Add 91 941949601 341669727
Add 92 793924813 345577491
Get
Add 93 717357000 353493239
Add 94 225735284 353692164
Add 95 877225646 356658612
Add 96 152097568 357982100
Add 97 720883808 358369325
Add 98 825754760 363403321
Add 99 261358729 364347810
Add 100 552301214 367708785
Add 101 298048875 370174428
Add 102 280902061 371499381
Add 103 580206228 373155760
Add 104 150145423 375158401
Add 105 906012789 376997941
Add 106 474876889 378337587
Add 107 452068730 382483401
Add 108 84292291 387892882
Add 109 432624731 388296022
Add 110 704022869 393489054
Add 111 868143447 399211001
Add 112 33508985 400525357
Add 113 344863887 401998818
Add 114 490675966 402827866
Add 115 983492867 403101405
Add 116 874640343 406249692
Add 117 172874881 408292510
Add 118 82561520 409573027
Add 119 683372119 411957837
Add 120 736639421 413715821
Add 121 6321969 437555938
Add 122 97651986 441087608
Add 123 987443470 441578061
Add 124 964899265 442118566
Add 125 312790143 447758624
Add 126 659056023 449528937
Add 127 523520765 452435222
Add 128 259214222 454408677
Add 129 537777940 455347004
Add 130 816860201 455383795
Add 131 205636330 457637587
Add 132 533387600 458616142
Add 133 228938848 459656683
Add 134 11881653 463713999
Add 135 719961848 470351348
Add 136 669199096 470434091
Add 137 971989336 473233047
Add 138 948381857 477652045
Add 139 181967793 480751538
Add 140 722621259 491872788
Add 141 847277840 492439772
Add 142 831254507 496984081
Add 143 97776147 501667320
Add 144 151029633 503833903
Add 145 856958144 504622751
Add 146 665112806 506285220
Get
Add 147 68874948 509947246
Add 148 586866514 512549440
Add 149 946798465 513606981
Add 150 372467930 517528722
Add 151 446413949 518448739
Add 152 601939004 525660387
Add 153 872664152 529534854
Add 154 99523198 532571288
Add 155 311123804 535496804
Add 156 303640166 537709558
Add 157 119703710 540040087
Add 158 502988465 562493117
Add 159 133553919 563226941
Add 160 443998943 564665961
Add 161 487347197 567184101
Add 162 588201214 575361623
Add 163 704255809 577252067
Add 164 320287388 585980978
Add 165 126342340 594029439
Add 166 760861648 594450019
Add 167 982166264 597345449
Add 168 402710197 600824846
Add 169 23819231 604746508
Add 170 760597426 606986397
Add 171 810734114 608591821
Add 172 94384192 614329927
Add 173 777482954 614860847
Add 174 691413479 617860575
Add 175 693589114 622526713
Add 176 196863940 624409336
Add 177 718157631 628788882
Add 178 234058981 632837983
Add 179 566944722 634098978
Add 180 176738540 634496962
Add 181 668462810 635674136
Add 182 951145840 639639140
Add 183 486463370 650020632
Add 184 257058739 651446018
Add 185 188612004 651954841
Add 186 89363744 655204226
Add 187 791984225 656235015
Add 188 106620158 656878382
Add 189 526739683 661596725
Add 190 205105278 661773712
Add 191 471751878 665034900
Add 192 544771127 668136664
Add 193 973083951 672039087
Add 194 597184828 676618189
Add 195 575368885 682488602
Add 196 875243628 694085248
Add 197 534358528 696604837
Add 198 949430708 709254194
Add 199 972394102 717946924
Add 200 503967114 718370134
Add 201 690615550 724017548
Add 202 5217188 724958035
Add 203 558085094 727801778
Add 204 681004755 732510179
Add 205 853008169 733830207
Add 206 498944557 737705108
Add 207 90144374 743961185
Add 208 882517297 744255454
Add 209 825653961 745620201
Add 210 52883820 752929303
Add 211 80363827 760177407
Add 212 924934725 763431701
Add 213 503413650 773125537
Add 214 141779031 774505883
Add 215 825645857 780986627
Add 216 508680967 781179962
Add 217 661225832 782515520
Add 218 818445266 787634026
Add 219 837127755 795367813
Add 220 200475173 798379634
Add 221 411699366 799124862
Add 222 657863110 802518284
Add 223 347833901 804848834
Add 224 51350873 806774154
Add 225 134629753 806871846
Add 226 944337606 807099775
Add 227 7339133 810150315
Add 228 291254649 810353665
Add 229 587513028 815312671
Add 230 521403096 819493674
Add 231 547567990 823957827
Add 232 869616510 831302445
Add 233 177124065 831318917
Add 234 504423177 834583569
Add 235 249314248 836329348
Add 236 80778932 836915851
Add 237 268913732 838371419
Add 238 23105811 839395629
Add 239 984874105 840825118
Add 240 770690620 841235061
Add 241 40588879 849363004
Add 242 873445652 851138084
Add 243 176155442 852841028
Add 244 469447627 856347677
Add 245 58101654 862285551
Add 246 398004785 863186446
Add 247 155303787 863618007
Add 248 881325939 864543749
Add 249 157149724 878776866
Add 250 79425133 881123748
Add 251 377965371 886103366
Add 252 551219399 886213479
Add 253 236228560 886422804
Add 254 381989139 890430583
Get
Add 255 406924095 891561030
Add 256 21270044 896022263
Add 257 977866082 899047349
Add 258 608335685 909411018
Add 259 807295305 910041732
Add 260 201773660 920916628
Add 261 242226419 921195519
Add 262 375644906 923857310
Add 263 135516678 926025945
Add 264 785231704 928282403
Add 265 991804741 929431614
Add 266 761031436 931254668
Add 267 500658756 934997820
Add 268 179141427 938295122
Add 269 217936965 939084036
Add 270 541855992 939388397
Add 271 40166023 941502089
Add 272 366384030 942602451
Add 273 228292605 945282417
Add 274 599312911 946952199
Add 275 364524438 950317215
Add 276 458892405 955499406
Add 277 860168736 957123737
Add 278 886164331 959684711
Add 279 64435525 959820606
Add 280 502626550 964393992
Add 281 535533916 975110653
Add 282 420646535 980589411
Add 283 501229679 981957799
Add 284 975517905 983787468
Add 285 890731262 988206398
Add 286 140081389 989838704
Add 287 162965362 992346360
Add 288 572715916 997347924
Get
