1 added
Completion Time: [(1, 102)]
2 added
Completion Time: [(1, 102), (2, 75)]
3 added
Completion Time: [(1, 102), (2, 75), (3, 91)]
4 added
Completion Time: [(1, 102), (2, 75), (3, 91), (4, 127)]
5 added
Completion Time: [(1, 102), (2, 75), (3, 91), (4, 127), (5, 108)]
6 added
Completion Time: [(1, 102), (2, 75), (3, 91), (4, 127), (5, 108), (6, 97)]
7 added
Completion Time: [(1, 102), (2, 75), (3, 91), (4, 127), (5, 108), (6, 97), (7, 162)]
8 added
Completion Time: [(1, 102), (2, 75), (3, 91), (4, 127), (5, 108), (6, 97), (7, 162), (8, 181)]
9 added
Completion Time: [(1, 102), (2, 75), (3, 91), (4, 127), (5, 108), (6, 97), (7, 162), (8, 181), (9, 202)]
10 added
Completion Time: [(1, 102), (2, 75), (3, 91), (4, 127), (5, 108), (6, 97), (7, 162), (8, 181), (9, 202), (10, 208)]
