1 added
2 added
3 added
4 added
5 added
6 added
7 added
8 added
9 added
10 added
11 added
12 added
13 added
14 added
15 added
16 added
17 added
18 added
19 added
20 added
21 added
22 added
23 added
24 added
25 added
26 added
27 added
28 added
29 added
30 added
Completion Time: [(1, 1569287350), (2, 667908028), (3, 10812602612), (4, 3665812643), (5, 8352859976), (6, 1296759174), (7, 5391732728), (8, 104224324), (9, 12522540967), (10, 872187852), (11, 6071699671), (12, 9942411559), (13, 56255661), (14, 2031324229), (15, 1062375186), (16, 216930403), (17, 6760713229), (18, 1785151667), (19, 4748308441), (20, 11633459330), (21, 151213131), (22, 4181486902), (23, 7517447316), (24, 2321519326), (25, 439031243), (26, 2702463903), (27, 9115567010), (28, 311229363), (29, 3122736306), (30, 13441973592)]
31 added
32 added
33 added
34 added
35 added
36 added
37 added
38 added
39 added
Completion Time: [(1, 1581807768), (2, 680428446), (3, 13503599436), (4, 4234561891), (5, 11043856800), (6, 1309279592), (7, 6970150255), (8, 104224324), (9, 15213537791), (10, 884708270), (11, 8762696495), (12, 12633408383), (13, 56255661), (14, 2043844647), (15, 1074895604), (16, 229450821), (17, 9451710053), (18, 1797672085), (19, 5794422160), (20, 14324456154), (21, 151213131), (22, 5227600621), (23, 10208444140), (24, 2554146610), (25, 451551661), (26, 3271213151), (27, 11806563834), (28, 323749781), (29, 3691485554), (30, 16994123869), (31, 17954432827), (32, 163733549), (33, 7526235430), (34, 2890268574), (35, 4711926362), (36, 8082729552), (37, 16074691244), (38, 2263951513), (39, 6326725968)]
40 added
41 added
42 added
43 added
44 added
45 added
46 added
47 added
48 added
49 added
50 added
51 added
52 added
53 added
54 added
55 added
56 added
57 added
58 added
59 added
60 added
61 added
62 added
63 added
64 added
65 added
66 added
67 added
68 added
69 added
70 added
71 added
72 added
73 added
74 added
75 added
76 added
77 added
78 added
79 added
80 added
81 added
82 added
83 added
84 added
85 added
86 added
87 added
Completion Time: [(1, 1816740429), (2, 744773647), (3, 21678337721), (4, 7082578349), (5, 18481407401), (6, 1455455545), (7, 11525609878), (8, 104224324), (9, 24065568341), (10, 949053471), (11, 13828873437), (12, 20808146668), (13, 56255661), (14, 2402240687), (15, 1139240805), (16, 229450821), (17, 14517886995), (18, 2121179105), (19, 9017497550), (20, 22499194439), (21, 151213131), (22, 8450676011), (23, 17645994741), (24, 3361554480), (25, 515896862), (26, 4972908265), (27, 19981302119), (28, 388094982), (29, 6539502012), (30, 31299851233), (31, 32260160191), (32, 163733549), (33, 12081695053), (34, 4274790558), (35, 7935001752), (36, 12638189175), (37, 27128081854), (38, 2622347553), (39, 10468607943), (40, 30380418608), (41, 19218595085), (42, 293796022), (43, 9936304135), (44, 3071359383), (45, 15601880541), (46, 27967275290), (47, 25513533653), (48, 16249168825), (49, 4591963688), (50, 5780994693), (51, 1221071557), (52, 33954726434), (53, 1544212253), (54, 13148906494), (55, 1905314788), (56, 6119229609), (57, 16889260654), (58, 35673473024), (59, 39137331681), (60, 3813862540), (61, 7457637281), (62, 26266928401), (63, 40957347928), (64, 2851707765), (65, 23176486704), (66, 28744823325), (67, 9420852123), (68, 3515818249), (69, 10882185591), (70, 36512949431), (71, 5440683262), (72, 2707020179), (73, 2156068125), (74, 34776798993), (75, 38209170277), (76, 37358247108), (77, 5196246809), (78, 29485252329), (79, 24725172864), (80, 42807820451), (81, 33039872171), (82, 3938668594), (83, 14988667367), (84, 39990265150), (85, 3614743274), (86, 41851081354), (87, 43749770052)]
88 added
89 added
90 added
91 added
92 added
93 added
94 added
95 added
96 added
97 added
98 added
99 added
100 added
101 added
102 added
103 added
104 added
105 added
106 added
107 added
108 added
109 added
110 added
111 added
112 added
113 added
114 added
115 added
116 added
117 added
118 added
119 added
120 added
121 added
122 added
123 added
124 added
125 added
126 added
127 added
128 added
129 added
130 added
131 added
132 added
133 added
134 added
135 added
136 added
137 added
138 added
139 added
140 added
141 added
Completion Time: [(1, 1816740429), (2, 744773647), (3, 27168182265), (4, 7926775028), (5, 23480575979), (6, 1455455545), (7, 14019401006), (8, 104224324), (9, 30107714099), (10, 949053471), (11, 16810817635), (12, 25807315246), (13, 56255661), (14, 2402240687), (15, 1139240805), (16, 229450821), (17, 18157485223), (18, 2121179105), (19, 10825635680), (20, 27989038983), (21, 151213131), (22, 9565523718), (23, 22645163319), (24, 3361554480), (25, 515896862), (26, 5191474683), (27, 24980470697), (28, 388094982), (29, 7157963407), (30, 39516889524), (31, 41915439290), (32, 163733549), (33, 14575486181), (34, 4314621512), (35, 9049849459), (36, 15360919151), (37, 35345120145), (38, 2622347553), (39, 12962399071), (40, 38597456899), (41, 24217763663), (42, 293796022), (43, 12430095263), (44, 3071359383), (45, 19241478769), (46, 36184313581), (47, 32135885639), (48, 20321391784), (49, 4810530106), (50, 6249310665), (51, 1221071557), (52, 44997400521), (53, 1544212253), (54, 16130850692), (55, 1905314788), (56, 6737691004), (57, 21413552343), (58, 46716147111), (59, 52302185700), (60, 3813862540), (61, 8572484988), (62, 33412801152), (63, 57127179235), (64, 2851707765), (65, 29218632462), (66, 36961861616), (67, 11410958046), (68, 3515818249), (69, 13375976719), (70, 48214679541), (71, 5811347248), (72, 2707020179), (73, 2156068125), (74, 45819473080), (75, 50704825200), (76, 49853902031), (77, 5566910795), (78, 37702290620), (79, 31347524850), (80, 59854877404), (81, 42695151270), (82, 3978499548), (83, 18628265595), (84, 53891758590), (85, 3614743274), (86, 58020912661), (87, 61664970452), (88, 49008604354), (89, 40234246524), (90, 7383698691), (91, 58898138307), (92, 5343572251), (93, 40955130332), (94, 55437475198), (95, 9826882447), (96, 28541340197), (97, 11914643251), (98, 10258814141), (99, 30687920327), (100, 6399456088), (101, 63387843442), (102, 21888429232), (103, 20773460514), (104, 4398913803), (105, 19674103500), (106, 43399174139), (107, 60723020851), (108, 3853693494), (109, 17468471665), (110, 26297991212), (111, 68746366408), (112, 64262483785), (113, 8099649909), (114, 4493356976), (115, 44082546258), (116, 53038825121), (117, 3820184509), (118, 5908999234), (119, 69733809878), (120, 67762873541), (121, 17123607778), (122, 47375203134), (123, 32659406404), (124, 15620133373), (125, 33950579092), (126, 62481830653), (127, 11616594376), (128, 34483966692), (129, 14804425029), (130, 4410795456), (131, 54611720438), (132, 51374024296), (133, 71654181071), (134, 70682191735), (135, 11007603473), (136, 56160096457), (137, 65941016132), (138, 65093738292), (139, 8197426056), (140, 9977912080), (141, 66797974276)]
142 added
143 added
144 added
145 added
146 added
147 added
148 added
149 added
150 added
151 added
152 added
153 added
154 added
155 added
156 added
157 added
158 added
159 added
160 added
161 added
162 added
163 added
164 added
165 added
166 added
167 added
168 added
169 added
170 added
171 added
172 added
173 added
174 added
175 added
176 added
177 added
178 added
179 added
180 added
181 added
182 added
183 added
184 added
185 added
186 added
187 added
188 added
189 added
190 added
191 added
192 added
193 added
194 added
195 added
196 added
197 added
198 added
199 added
200 added
201 added
202 added
203 added
204 added
205 added
206 added
207 added
208 added
209 added
210 added
211 added
212 added
213 added
214 added
215 added
216 added
217 added
218 added
219 added
220 added
221 added
222 added
223 added
224 added
225 added
226 added
227 added
228 added
229 added
230 added
231 added
232 added
233 added
234 added
235 added
236 added
237 added
238 added
239 added
240 added
241 added
242 added
243 added
244 added
245 added
246 added
247 added
248 added
249 added
Completion Time: [(1, 1816740429), (2, 744773647), (3, 30511751284), (4, 7926775028), (5, 26269309158), (6, 1455455545), (7, 14464876012), (8, 104224324), (9, 34302139584), (10, 949053471), (11, 17482236361), (12, 28596048425), (13, 56255661), (14, 2402240687), (15, 1139240805), (16, 229450821), (17, 19024887851), (18, 2121179105), (19, 11137556767), (20, 32048834715), (21, 151213131), (22, 9658217897), (23, 25228791220), (24, 3361554480), (25, 515896862), (26, 5191474683), (27, 27769203876), (28, 388094982), (29, 7157963407), (30, 46940407084), (31, 49588271098), (32, 163733549), (33, 15020961187), (34, 4314621512), (35, 9118724407), (36, 15806394157), (37, 41289693090), (38, 2622347553), (39, 13407874077), (40, 45517985994), (41, 27006496842), (42, 293796022), (43, 12742016350), (44, 3071359383), (45, 20108881397), (46, 42441340037), (47, 36856150206), (48, 21793128046), (49, 4810530106), (50, 6249310665), (51, 1221071557), (52, 54053495784), (53, 1544212253), (54, 16802269418), (55, 1905314788), (56, 6737691004), (57, 23740015452), (58, 55772242374), (59, 63854470330), (60, 3813862540), (61, 8641359936), (62, 38736251089), (63, 71353927556), (64, 2851707765), (65, 33278428194), (66, 43395043514), (67, 11722879133), (68, 3515818249), (69, 13821451725), (70, 57270774804), (71, 5811347248), (72, 2707020179), (73, 2156068125), (74, 54875568343), (75, 61668908616), (76, 59998399668), (77, 5566910795), (78, 44135472518), (79, 35621375468), (80, 77514452628), (81, 50367983078), (82, 3978499548), (83, 19495668223), (84, 66109156026), (85, 3614743274), (86, 73326790637), (87, 81692752374), (88, 59153101991), (89, 47657764084), (90, 7383698691), (91, 74702960840), (92, 5343572251), (93, 48627962140), (94, 69097278797), (95, 10019099824), (96, 32601135929), (97, 12226564338), (98, 10570735228), (99, 34961770945), (100, 6399456088), (101, 83415625364), (102, 24472057133), (103, 22737448946), (104, 4398913803), (105, 20975331561), (106, 51340919679), (107, 79644936978), (108, 3853693494), (109, 18229254135), (110, 29499781200), (111, 97259175587), (112, 84290265707), (113, 8168524857), (114, 4493356976), (115, 52024291798), (116, 64591109751), (117, 3820184509), (118, 5908999234), (119, 100517530351), (120, 96275682720), (121, 17884390248), (122, 56431298397), (123, 37580146144), (124, 16291552099), (125, 39718027972), (126, 82509612575), (127, 11928515463), (128, 40428539637), (129, 15249900035), (130, 4410795456), (131, 67767556923), (132, 62926308926), (133, 104442331000), (134, 102678357439), (135, 11319524560), (136, 70386844778), (137, 88996134261), (138, 87174985617), (139, 8266301004), (140, 10170129457), (141, 92614112206), (142, 65256222557), (143, 7995649976), (144, 52902412961), (145, 106046992575), (146, 29009105234), (147, 36067789417), (148, 57872713808), (149, 98131839739), (150, 9757741095), (151, 23048572750), (152, 22096768212), (153, 10289833167), (154, 46020974459), (155, 12875570269), (156, 39180250032), (157, 44622819715), (158, 62257109830), (159, 78776793531), (160, 30832038672), (161, 16032337877), (162, 90996556636), (163, 107904402467), (164, 37982856341), (165, 9142543638), (166, 91757154062), (167, 99530086881), (168, 15905995537), (169, 94629778700), (170, 85650141996), (171, 86343731110), (172, 20542706830), (173, 90235694988), (174, 23997180244), (175, 69664223519), (176, 20338503757), (177, 84958728517), (178, 112178301560), (179, 58359177178), (180, 31089097411), (181, 22285380216), (182, 17571600105), (183, 103470341664), (184, 18335874293), (185, 66635895709), (186, 25433896498), (187, 60817985447), (188, 72433057211), (189, 116591151891), (190, 80750802773), (191, 75656295096), (192, 106922236203), (193, 71888286084), (194, 115618067940), (195, 117563545993), (196, 68271524037), (197, 93852295746), (198, 15811611345), (199, 78072537722), (200, 95310783455), (201, 108757410636), (202, 73825735194), (203, 21065475935), (204, 114668637232), (205, 109583064597), (206, 20161765217), (207, 21145839762), (208, 118488480718), (209, 76557713531), (210, 29641560231), (211, 111227155720), (212, 80153617945), (213, 101729975582), (214, 110401509863), (215, 113015429315), (216, 37056625379), (217, 67047595075), (218, 105100194110), (219, 60346233569), (220, 23099923623), (221, 33413057947), (222, 122057206425), (223, 20345842890), (224, 52315546447), (225, 98719352767), (226, 89517537357), (227, 93161680196), (228, 119358097228), (229, 39895152037), (230, 88148856421), (231, 47907078332), (232, 31169876343), (233, 50636896810), (234, 23763121263), (235, 123042080530), (236, 113786119935), (237, 28636637304), (238, 120231542880), (239, 42617495479), (240, 87644433244), (241, 31227977997), (242, 76054299881), (243, 41444996877), (244, 121112868819), (245, 41602146601), (246, 34381564717), (247, 75080926211), (248, 101068749750), (249, 53138641521)]
250 added
251 added
252 added
253 added
254 added
255 added
256 added
257 added
258 added
259 added
260 added
261 added
262 added
263 added
264 added
265 added
266 added
267 added
268 added
269 added
270 added
271 added
272 added
273 added
274 added
275 added
276 added
277 added
278 added
279 added
280 added
281 added
282 added
283 added
284 added
285 added
286 added
287 added
288 added
289 added
290 added
291 added
292 added
293 added
294 added
Completion Time: [(1, 1816740429), (2, 744773647), (3, 30511751284), (4, 7926775028), (5, 26269309158), (6, 1455455545), (7, 14464876012), (8, 104224324), (9, 34323409628), (10, 949053471), (11, 17482236361), (12, 28596048425), (13, 56255661), (14, 2402240687), (15, 1139240805), (16, 229450821), (17, 19024887851), (18, 2121179105), (19, 11137556767), (20, 32070104759), (21, 151213131), (22, 9658217897), (23, 25228791220), (24, 3361554480), (25, 515896862), (26, 5191474683), (27, 27769203876), (28, 388094982), (29, 7157963407), (30, 47201795354), (31, 49849659368), (32, 163733549), (33, 15020961187), (34, 4314621512), (35, 9118724407), (36, 15806394157), (37, 41351129157), (38, 2622347553), (39, 13407874077), (40, 45779374264), (41, 27006496842), (42, 293796022), (43, 12742016350), (44, 3071359383), (45, 20108881397), (46, 42502776104), (47, 36877420250), (48, 21793128046), (49, 4810530106), (50, 6249310665), (51, 1221071557), (52, 54695799141), (53, 1544212253), (54, 16802269418), (55, 1905314788), (56, 6737691004), (57, 23740015452), (58, 56554627120), (59, 65259983822), (60, 3813862540), (61, 8641359936), (62, 38797687156), (63, 73165558686), (64, 2851707765), (65, 33299698238), (66, 43520915106), (67, 11722879133), (68, 3515818249), (69, 13821451725), (70, 58053159550), (71, 5811347248), (72, 2707020179), (73, 2156068125), (74, 55517871700), (75, 62614258724), (76, 60943749776), (77, 5566910795), (78, 44261344110), (79, 35642645512), (80, 79596399591), (81, 50629371348), (82, 3978499548), (83, 19495668223), (84, 67742962123), (85, 3614743274), (86, 75138421767), (87, 84156688476), (88, 59935486737), (89, 47919152354), (90, 7383698691), (91, 76514591970), (92, 5343572251), (93, 48889350410), (94, 70908909927), (95, 10019099824), (96, 32622405973), (97, 12226564338), (98, 10570735228), (99, 34983040989), (100, 6399456088), (101, 86662130467), (102, 24472057133), (103, 22737448946), (104, 4398913803), (105, 20975331561), (106, 51602307949), (107, 82108873080), (108, 3853693494), (109, 18229254135), (110, 29499781200), (111, 102292777730), (112, 87536770810), (113, 8168524857), (114, 4493356976), (115, 52285680068), (116, 65996623243), (117, 3820184509), (118, 5908999234), (119, 106010024899), (120, 101309284863), (121, 17884390248), (122, 57213683143), (123, 37641582211), (124, 16291552099), (125, 39779464039), (126, 85349193583), (127, 11928515463), (128, 40489975704), (129, 15249900035), (130, 4410795456), (131, 69579188053), (132, 63871659034), (133, 110435484304), (134, 108671510743), (135, 11319524560), (136, 72198475908), (137, 93609089869), (138, 91787941225), (139, 8266301004), (140, 10170129457), (141, 97227067814), (142, 66890028654), (143, 7995649976), (144, 53163801231), (145, 113044002108), (146, 29009105234), (147, 36089059461), (148, 58655098554), (149, 103165441882), (150, 9757741095), (151, 23048572750), (152, 22096768212), (153, 10289833167), (154, 46282362729), (155, 12875570269), (156, 39241686099), (157, 44748691307), (158, 63202459938), (159, 81240729633), (160, 30832038672), (161, 16032337877), (162, 95609512244), (163, 118224935433), (164, 38044292408), (165, 9142543638), (166, 96370109670), (167, 105022581429), (168, 15905995537), (169, 99663380843), (170, 89190302803), (171, 90614800385), (172, 20542706830), (173, 94848650596), (174, 23997180244), (175, 71475854649), (176, 20338503757), (177, 88498889324), (178, 122498834526), (179, 59141561924), (180, 31110367455), (181, 22285380216), (182, 17571600105), (183, 109463494968), (184, 18335874293), (185, 68269701806), (186, 25433896498), (187, 61763335555), (188, 74244688341), (189, 128143363437), (190, 83214738875), (191, 77467926226), (192, 117242769169), (193, 73699917214), (194, 126525355406), (195, 129767039825), (196, 70083155167), (197, 98885897889), (198, 15811611345), (199, 80154484685), (200, 100344385598), (201, 119077943602), (202, 75637366324), (203, 21065475935), (204, 125575924698), (205, 119903597563), (206, 20161765217), (207, 21145839762), (208, 131453005986), (209, 78639660494), (210, 29641560231), (211, 121547688686), (212, 82617554047), (213, 107723128886), (214, 120722042829), (215, 123922716781), (216, 37077895423), (217, 68681401172), (218, 111093347414), (219, 61291583677), (220, 23099923623), (221, 33434327991), (222, 136614258702), (223, 20345842890), (224, 52576934717), (225, 103752954910), (226, 94130492965), (227, 97774635804), (228, 132322622496), (229, 39956588104), (230, 92761812029), (231, 48168466602), (232, 31191146387), (233, 50898285080), (234, 23763121263), (235, 138459301543), (236, 124693407401), (237, 28636637304), (238, 134788595157), (239, 42743367071), (240, 92257388852), (241, 31249248041), (242, 78136246844), (243, 41506432944), (244, 135669921096), (245, 41663582668), (246, 34402834761), (247, 76892557341), (248, 107061903054), (249, 53780944878), (250, 80536473824), (251, 85756117678), (252, 30853308716), (253, 141214063218), (254, 115195496714), (255, 133915149505), (256, 53365574891), (257, 64331822418), (258, 84532333382), (259, 44884207985), (260, 133107854200), (261, 142205867959), (262, 130528071261), (263, 106510683655), (264, 53544716318), (265, 64089595999), (266, 114051627113), (267, 37118061446), (268, 89556686833), (269, 66224915848), (270, 115794809625), (271, 89921211271), (272, 104211847315), (273, 137474427438), (274, 139345465874), (275, 42567211629), (276, 111595973964), (277, 114587161029), (278, 98195282339), (279, 112097203643), (280, 143181385864), (281, 140236197136), (282, 55657953089), (283, 60098452099), (284, 116367525541), (285, 90956686718), (286, 77738242059), (287, 127170279486), (288, 128794645723), (289, 87830426514), (290, 145093053476), (291, 144120286376), (292, 123085589026), (293, 113509771121), (294, 68859226205)]
