1 added
Completion Time: [(1, 49)]
2 added
Completion Time: [(1, 49), (2, 142)]
3 added
Completion Time: [(1, 49), (2, 142), (3, 229)]
4 added
Completion Time: [(1, 49), (2, 185), (3, 272), (4, 103)]
5 added
Completion Time: [(1, 49), (2, 185), (3, 329), (4, 103), (5, 242)]
6 added
Completion Time: [(1, 49), (2, 185), (3, 400), (4, 103), (5, 242), (6, 313)]
7 added
Completion Time: [(1, 49), (2, 185), (3, 447), (4, 103), (5, 242), (6, 360), (7, 289)]
8 added
Completion Time: [(1, 49), (2, 207), (3, 469), (4, 103), (5, 264), (6, 382), (7, 311), (8, 125)]
9 added
Completion Time: [(1, 49), (2, 207), (3, 469), (4, 103), (5, 264), (6, 382), (7, 311), (8, 125), (9, 540)]
10 added
Completion Time: [(1, 49), (2, 207), (3, 469), (4, 103), (5, 264), (6, 382), (7, 311), (8, 125), (9, 540), (10, 624)]
