44
Add 1 268362269 347234
Add 2 946701061 4227699
Add 3 720550696 5101134
Add 4 253741164 5217188
Add 5 341871603 5654644
Add 6 208879651 6089359
Add 7 929775590 6321969
Add 8 201082795 7339133
Add 9 130020179 7800521
Add 10 897070964 7937260
Add 11 994542628 11373063
Add 12 246086444 11881653
Add 13 730806157 12183271
Add 14 996953733 12346509
Add 15 424934876 12520418
Add 16 986697843 15107118
Add 17 632635954 16649109
Add 18 825108203 16940175
Add 19 586943534 17653503
Add 20 871885994 20004022
Add 21 452244008 20950363
Add 22 370638817 21270044
Add 23 642325155 21284082
Add 24 899888107 23105811
Add 25 506354304 23819231
Add 26 171263224 26345061
Add 27 30197869 26723470
Add 28 795458225 27816906
Add 29 621616977 28572095
Add 30 175123096 28683563
Add 31 437693498 29374175
Add 32 485151422 29447506
Add 33 555107724 29607124
Add 34 344376245 32623946
Add 35 801104295 32834422
Add 36 493983031 33508985
Add 37 219889426 34303964
Add 38 66655827 34519717
Add 39 770744751 34889020
Add 40 366662153 34953346
Add 41 299281287 36003677
Add 42 354182348 37351573
Add 43 13159163 37727524
Add 44 102280979 38398117
Add 45 23570375 38896307
Add 46 209343716 39976102
Add 47 100371999 40166023
Add 48 23856999 40588879
Add 49 405970186 44866747
Add 50 800464578 44882598
Add 51 555579272 46988807
Add 52 746526558 51089864
Add 53 123127152 51350873
Add 54 443376893 52883820
Add 55 876808659 54667502
Add 56 915141759 56582568
Add 57 207205559 57443733
Add 58 778996461 58101654
Add 59 13502774 59209655
Add 60 619397805 59566125
Add 61 947293160 60520245
Add 62 878660723 61416298
Add 63 544538272 63244137
Add 64 630522743 63262383
Add 65 644247510 64345201
Add 66 47219901 64435525
Add 67 231443722 64521903
Add 68 615739227 65717272
Add 69 489235850 66387036
Add 70 795638749 67691448
Add 71 6327826 68198877
Add 72 408833317 68874948
Add 73 160478545 70021908
Add 74 639651859 72074863
Add 75 180096779 74769164
Add 76 862993638 74828585
Add 77 271459637 74847607
Add 78 816010622 75435258
Add 79 258426085 76810804
Add 80 135890035 77462537
Add 81 448263680 78424789
Add 82 401368056 79425133
Add 83 707641734 80363827
Add 84 658574396 80778932
Add 85 518094611 80876349
Add 86 294554372 81679555
Add 87 779478303 81738734
Add 88 353578948 81830752
Add 89 572266762 82561520
Add 90 969306685 84292291
Add 91 310402849 84508194
Add 92 490251575 84672626
Add 93 547753045 85986071
Add 94 65279244 87073913
Add 95 574306551 88574359
Add 96 975448686 88756708
Add 97 70259537 89101892
Add 98 707906441 89363744
Get
Add 99 61612880 90144374
Add 100 493400347 90885707
Add 101 343994747 91517785
Add 102 409085600 92048783
Add 103 606756458 93015482
Add 104 294499855 93553938
Add 105 673616816 94298960
Add 106 488949941 94384192
Add 107 171960334 97651986
Add 108 337586074 97718072
Add 109 541161173 97776147
Add 110 15329510 98661449
Add 111 406986116 98925025
Add 112 85309464 99523198
Add 113 915338638 100275765
Add 114 101159405 101670740
Add 115 536526586 101767596
Add 116 10952770 103509231
Add 117 947032973 104622774
Add 118 177998190 105153248
Add 119 615545412 106620158
Add 120 838959975 106685421
Add 121 99042079 106893405
Add 122 654347985 107728871
Add 123 260114432 110802324
Add 124 867425099 112406728
Add 125 681332689 112737994
Add 126 991781843 113889997
Add 127 295265443 114308004
Add 128 289362562 115123219
Add 129 292971518 115195011
Add 130 954822051 115617442
Add 131 249340465 116330474
Add 132 238496120 119160949
Add 133 982953799 119703710
Add 134 566047169 120179184
Add 135 505948532 120322172
Add 136 872284426 122017062
Add 137 507264443 124806054
Add 138 78045055 126342340
Add 139 161915671 127135403
Add 140 881839844 127801880
Add 141 590343990 128168254
Get
Add 142 698112722 130312649
Add 143 769400022 131048584
Add 144 304942123 131425071
Add 145 627481111 131665733
Add 146 723166145 132113569
Add 147 473161676 132837771
Add 148 74608653 133017094
Add 149 460613533 133553919
Add 150 194754332 133661288
Add 151 715531668 133879710
Add 152 260436044 134629753
Add 153 791131744 134643744
Add 154 476775263 135516678
Add 155 494407207 136390149
Add 156 459679697 137458235
Add 157 309358349 137871582
Add 158 435054450 138760412
Add 159 679486046 140081389
Add 160 121864128 140760154
Add 161 22853343 141779031
Add 162 619737256 144687586
Add 163 857541164 148028824
Add 164 108769434 148582272
Add 165 533732545 148966479
Add 166 75067581 150145423
Add 167 79641360 151029633
Add 168 72751097 152097568
Add 169 538630490 154263769
Add 170 523634152 154432069
Add 171 913253276 155049836
Add 172 598839708 155303787
Add 173 353582507 157149724
Add 174 312956311 159105493
Add 175 897344954 160500667
Add 176 206606987 162965362
Add 177 725009737 164975123
Add 178 57029112 167310882
Add 179 105754512 168351698
Add 180 719977836 168846728
Add 181 174801344 169935860
Add 182 445362498 170876734
Add 183 92029347 171252442
Add 184 617843629 172874881
Add 185 897033968 174947590
Add 186 62169917 175558675
Add 187 739103441 176155442
Get
Add 188 195921233 176279488
Add 189 345765464 176738540
Add 190 397760118 177124065
Add 191 772504116 177825033
Add 192 545723951 178348532
Add 193 216717961 178844369
Add 194 290030783 179141427
Add 195 204039551 179206854
Add 196 18672210 181108501
Add 197 926783321 181967793
Add 198 770932012 182854336
Add 199 340555964 184328258
Add 200 319330062 187430515
Add 201 271266446 187453468
Add 202 152021917 188612004
Add 203 461150423 190139400
Add 204 754401868 190187334
Add 205 21288718 190306692
Add 206 14271083 190630667
Add 207 936428085 191345070
Add 208 78737391 191489132
Add 209 647484204 191572993
Add 210 915443883 192316912
Add 211 886999423 192342469
Add 212 114602408 194308605
Add 213 436227370 194426016
Add 214 909060858 195771420
Add 215 247521606 196863940
Add 216 615255636 197433346
Add 217 270043497 198027212
Add 218 813140106 199119266
Add 219 145676842 199434304
Add 220 425659109 200475173
Add 221 932988547 201773660
Add 222 726766603 202328127
Add 223 323245518 203125596
Add 224 234137 204279824
Add 225 410900126 205105278
Add 226 281299265 205636330
Add 227 893614131 205760971
Add 228 55328931 206085178
Add 229 403157102 208147992
Add 230 846834920 209518984
Add 231 823141880 210302862
Add 232 6523220 214858478
Add 233 460340719 215120828
Add 234 349594547 215864317
Add 235 543701299 217936965
Add 236 798566926 219651618
Add 237 180756493 220058876
Add 238 358114738 220106866
Add 239 73518270 220473928
Add 240 134618703 220539392
Add 241 972024896 221885235
Add 242 848853166 223338544
Add 243 229457069 225292833
Add 244 629443835 225735284
Add 245 505097586 226412757
Add 246 176096700 226850807
Add 247 767919439 228292605
Add 248 613824068 228546366
Add 249 542757382 228938848
Add 250 333445523 231899182
Add 251 499777362 232649255
Add 252 211552478 233867568
Add 253 241154849 234058981
Add 254 545061013 234383988
Add 255 294007315 236011819
Add 256 663439782 236228560
Add 257 620502976 236995560
Add 258 732925550 237622088
Add 259 684756427 240140630
Add 260 469426378 242226419
Add 261 462689748 244436453
Add 262 831234529 244864195
Add 263 675106708 245089239
Add 264 109971419 246172562
Add 265 710240151 248690421
Add 266 136244029 249099073
Add 267 278663878 249314248
Add 268 399888956 250050393
Add 269 29592787 250278654
Add 270 955948800 250647566
Add 271 114596515 251878711
Add 272 797660895 253382775
Add 273 308227548 257058739
Add 274 192665829 258114055
Add 275 630659568 258164058
Add 276 648720222 259214222
Add 277 598337496 260240216
Add 278 992945396 261312474
Add 279 696728349 261358729
Add 280 717945907 266891555
Add 281 386822694 267081970
Add 282 954852737 268833934
Add 283 752618370 268913732
Add 284 266009464 269394011
Add 285 176717771 269941361
Get
Add 286 492685202 270315833
Add 287 420592452 271148952
Add 288 170495885 272564851
Add 289 604671847 273401611
Add 290 659707463 273672309
Add 291 362426515 273676481
Add 292 9666178 274879922
Add 293 908600237 275076566
Add 294 663538782 276932661
Add 295 896493229 279183114
Add 296 964988921 279306944
Add 297 458118321 279788823
Add 298 701356725 280902061
Add 299 831931958 283767181
Add 300 998301882 284185670
Add 301 353422691 284744371
Add 302 47152194 285070487
Add 303 376700765 285801130
Add 304 197478268 288445103
Add 305 688748763 290195097
Add 306 430457450 291254649
Add 307 530041448 293655704
Add 308 40614028 294064742
Add 309 321262811 294236472
Add 310 983544283 298048875
Add 311 425062357 298334286
Add 312 700286878 299124396
Add 313 355779255 299858157
Add 314 507914350 300625289
Add 315 271338245 301036615
Add 316 39492255 303640166
Add 317 70041326 305019670
Add 318 973761229 306666489
Add 319 680582699 307704499
Add 320 893948769 309049190
Add 321 961158291 309499786
Add 322 887234426 311123804
Add 323 810127051 311544399
Add 324 798650622 311769147
Add 325 14330189 312790143
Add 326 101571680 316504162
Add 327 762302433 317173130
Add 328 810477991 317604673
Add 329 600418545 319840419
Add 330 993180596 320287388
Add 331 775255889 322558221
Add 332 476886634 323392004
Add 333 901340383 324716590
Add 334 570967943 324975576
Add 335 832107714 325136027
Add 336 308969033 326780706
Add 337 885243945 330472978
Add 338 13943979 331532325
Add 339 157080358 331859978
Add 340 87000807 334016018
Add 341 153204571 335408777
Add 342 329513599 336121964
Add 343 832060766 338234916
Add 344 287673446 340311431
Add 345 46484735 340428735
Add 346 961509518 340840936
Add 347 991292280 341669727
Add 348 81978584 341881392
Add 349 263710886 341886333
Add 350 546468088 344863887
Add 351 697371056 345577491
Add 352 965105053 347833901
Add 353 124842484 350118188
Add 354 3131529 353493239
Add 355 769110369 353692164
Add 356 907246499 354210981
Add 357 624685301 355018855
Add 358 337485228 356658612
Add 359 950676201 357982100
Add 360 854987210 358369325
Add 361 56086271 358639640
Add 362 380121389 363403321
Add 363 478518013 364172570
Add 364 235373016 364347810
Add 365 40089319 364524438
Add 366 652003428 366384030
Add 367 609053681 366782413
Add 368 850668816 367708785
Add 369 659404984 370174428
Add 370 689925046 370646980
Add 371 598427022 371499381
Add 372 867423377 372467930
Add 373 442542350 373155760
Add 374 517202399 374868943
Add 375 227548052 375058932
Add 376 793082461 375158401
Get
Add 377 276139150 375245201
Add 378 831610982 375644906
Add 379 940221049 376997941
Add 380 991527648 377965371
Add 381 478873509 378337587
Add 382 519981344 379313538
Add 383 622281349 380023573
Add 384 59657073 380944577
Add 385 81042787 381989139
Add 386 760371984 382483401
Add 387 60650321 383148228
Add 388 481811704 386792995
Add 389 920219345 387892882
Add 390 816033866 388296022
Add 391 431385436 391568728
Add 392 714554900 392419836
Add 393 445648857 393489054
Add 394 892746326 395758981
Add 395 289514731 398004785
Add 396 592460361 398436988
Add 397 222614681 399211001
Add 398 307528341 400181606
Add 399 637558913 400525357
Add 400 510264216 401998818
Add 401 650256430 402710197
Add 402 604837014 402827866
Add 403 886615391 403101405
Add 404 129831023 403137507
Add 405 563532956 403354573
Add 406 907291299 406057317
Add 407 249906796 406249692
Add 408 908006851 406924095
Add 409 828035179 407885488
Add 410 155327419 408292510
Add 411 895680948 409573027
Add 412 69101612 411699366
Add 413 113065838 411957837
Add 414 675342152 412266285
Add 415 188780993 413577648
Add 416 259674836 413715821
Add 417 95179917 420272403
Add 418 842139017 420646535
Add 419 68718447 420735824
Add 420 516491053 421422403
Add 421 444327678 423339449
Add 422 673164048 424825469
Add 423 672316834 425971833
Add 424 608973888 427248237
Add 425 855540393 432504291
Add 426 286869807 432553327
Add 427 693057053 432624731
Add 428 983130479 435256746
Add 429 255046793 435257963
Add 430 521288334 436051276
Add 431 167697027 436769520
Add 432 914517021 437555938
Add 433 628373057 439765298
Add 434 782754313 441087608
Add 435 539757420 441178074
Add 436 996094578 441578061
Add 437 341484130 442118566
Add 438 840907013 442516540
Add 439 986458599 443942536
Add 440 271356555 443998943
Add 441 882956926 445504477
Add 442 287799655 446116435
Add 443 795099610 446242115
Add 444 655980112 446286845
Add 445 651460447 446413949
Add 446 932843970 447758624
Add 447 602670323 449528937
Add 448 526819896 452068730
Add 449 572711246 452435222
Add 450 143669124 452488383
Add 451 625881807 454408677
Add 452 605720546 454425639
Add 453 848031533 455347004
Add 454 661628332 455383795
Add 455 965454764 455406345
Add 456 810342515 455477864
Add 457 514913463 455557781
Get
Add 458 738552937 457637587
Add 459 236299104 458322634
Add 460 227771749 458616142
Add 461 841453855 458892405
Add 462 750920845 459656683
Add 463 701962204 460183272
Add 464 346185914 463378589
Add 465 888128366 463713999
Add 466 313742832 464074066
Add 467 301216401 465769013
Add 468 245884272 469315650
Add 469 531672144 469447627
Add 470 793084625 470351348
Add 471 907623032 470434091
Add 472 837858259 470780372
Add 473 91935077 471751878
Add 474 359902944 472038698
Add 475 954754934 473233047
Add 476 198947805 474834328
Add 477 998517644 474876889
Add 478 931124830 476784960
Add 479 938138863 476953624
Add 480 332647950 477082128
Add 481 87410679 477364471
Add 482 918188199 477652045
Add 483 765271654 480309668
Add 484 973494045 480751538
Add 485 879778465 482594180
Add 486 336286988 483139210
Add 487 717942148 484306244
Add 488 584863993 486463370
Add 489 940469734 486857649
Add 490 968472427 487347197
Add 491 68234173 487680337
Add 492 183874421 490675966
Add 493 436318807 491872788
Add 494 461260446 492439772
Add 495 332863685 493699392
Add 496 953710661 496984081
Add 497 879411885 497854577
Add 498 708740907 498944557
Add 499 289619431 500041626
Add 500 87548323 500658756
Add 501 281585596 501229679
Add 502 622505369 501667320
Add 503 694599293 502626550
Add 504 95632800 502988465
Add 505 68834212 503376731
Add 506 611034981 503413650
Add 507 311929965 503741420
Add 508 211772769 503833903
Add 509 107373582 503967114
Add 510 716658672 504423177
Add 511 295029032 504622751
Add 512 72423285 504693117
Add 513 747922742 505281781
Add 514 455796364 506285220
Add 515 231472325 507916080
Add 516 167865069 508680967
Add 517 208846754 509947246
Add 518 209295032 510168299
Add 519 249201605 510717319
Add 520 548168732 510819277
Add 521 564746859 512549440
Add 522 803580889 513606981
Add 523 756855688 514863633
Add 524 924294714 514872263
Add 525 136964853 515452012
Get
Add 526 849072059 515674259
Add 527 65904300 517528722
Add 528 965520055 518140549
Add 529 835025867 518448739
Add 530 546402144 519483663
Add 531 637271186 521403096
Add 532 985865907 523520765
Add 533 760072985 524006358
Add 534 681482582 525660387
Add 535 628686489 526739683
Add 536 556575742 528893394
Add 537 857167311 529534854
Add 538 227807856 531649175
Add 539 331410961 531812221
Add 540 818736117 532303808
Add 541 936134240 532571288
Add 542 139594142 533387600
Add 543 533535852 534358528
Add 544 335533560 535496804
Add 545 275813010 535533916
Add 546 467463084 537709558
Add 547 320988009 537777940
Add 548 620961858 540040087
Add 549 659841848 540299443
Add 550 785747511 541855992
Add 551 326807832 543076337
Add 552 604279358 543813035
Add 553 776700408 544771127
Add 554 121185755 547567990
Add 555 271903443 549932873
Add 556 211664051 550009564
Add 557 594971465 551219399
Add 558 893737352 552301214
Add 559 540947638 556085175
Add 560 445722420 556494122
Add 561 338520710 557876396
Add 562 798776268 558085094
Add 563 946685665 559083950
Add 564 639581903 562493117
Add 565 950322406 563226941
Add 566 971289136 563352823
Add 567 607638281 564665961
Add 568 359054337 566821539
Add 569 795759181 566944722
Add 570 799305688 567184101
Add 571 396891427 567890727
Add 572 978398453 570353626
Add 573 472266362 570897971
Add 574 998717385 572715916
Add 575 343038550 575361623
Add 576 443144307 575368885
Add 577 564469791 577252067
Add 578 897125865 580206228
Add 579 421922366 580369723
Add 580 883802461 584169247
Add 581 270118898 584410097
Add 582 258490640 585155716
Add 583 327759013 585962288
Add 584 332592311 585980978
Add 585 685205851 586754500
Add 586 900007823 586866514
Add 587 849707205 587351452
Add 588 535539053 587513028
Add 589 173844749 587563244
Add 590 711625416 588201214
Add 591 69700838 588667297
Add 592 166631421 588806760
Add 593 869342783 592846284
Add 594 892316957 594029439
Add 595 59940185 594225047
Add 596 182188813 594450019
Add 597 585362886 597184828
Add 598 724542464 597345449
Add 599 281769888 598408942
Add 600 155471670 599312911
Add 601 489504165 600824846
Add 602 471130980 600870043
Add 603 976645609 601939004
Add 604 894419340 604746508
Add 605 51320244 606475101
Add 606 24013898 606986397
Add 607 295196301 608335685
Add 608 19542347 608591821
Add 609 106236776 610252013
Add 610 346959739 613213174
Add 611 196619298 613229048
Add 612 373226387 614329927
Add 613 351550385 614732066
Add 614 973404669 614860847
Add 615 432544899 617860575
Add 616 658629145 619724909
Add 617 130353945 622117194
Add 618 358303255 622526713
Add 619 508434677 622961699
Add 620 723559480 623583548
Add 621 1049770 624409336
Add 622 248294391 624867665
Add 623 231619709 628783652
Add 624 965435549 628788882
Add 625 508203052 632139864
Add 626 506375449 632837983
Add 627 720645298 634098978
Add 628 410478985 634319143
Add 629 941100917 634496962
Add 630 218974659 634957069
Add 631 282432642 635097357
Add 632 107756285 635674136
Add 633 663500154 639639140
Add 634 659510599 640091829
Add 635 864496379 643070842
Add 636 421025397 643424287
Add 637 902428556 644924080
Add 638 760575829 646458286
Add 639 681268877 647288284
Add 640 589927202 647337723
Add 641 832749951 650020632
Add 642 168139773 650643538
Add 643 641998424 651282286
Add 644 695254785 651446018
Add 645 234816656 651954841
Add 646 896153600 653629413
Add 647 354737647 653884614
Add 648 255200429 655204226
Add 649 659649604 655812505
Add 650 281360922 656235015
Add 651 967229156 656878382
Add 652 769222737 657863110
Add 653 793260756 659056023
Add 654 50301397 659604523
Add 655 599705327 661225832
Add 656 452724993 661596725
Add 657 236149206 661773712
Add 658 342469980 662708355
Add 659 787333140 665034900
Add 660 364857077 665112806
Add 661 267193644 668136664
Add 662 748078921 668462810
Add 663 440511666 669199096
Add 664 630072525 672039087
Add 665 487138454 673629833
Add 666 145775029 674969975
Add 667 807194337 675571868
Add 668 427855439 676533644
Add 669 229140847 676618189
Add 670 396940323 677292265
Add 671 752311134 677475156
Get
Add 672 493227747 679966943
Add 673 288521860 680537343
Add 674 769222741 681004755
Add 675 157566790 682231318
Add 676 618130446 682488602
Add 677 586436554 683372119
Add 678 540905014 683925388
Add 679 414822094 686010465
Add 680 568982093 686126957
Add 681 178467290 689013558
Add 682 599441310 690423141
Add 683 590697234 690615550
Add 684 478865808 691413479
Add 685 242213740 693426457
Add 686 836610408 693589114
Add 687 935107509 694085248
Add 688 212205505 694920824
Add 689 643459329 696604837
Add 690 976837936 697496933
Add 691 545171628 702307661
Add 692 637998738 703656015
Add 693 485157778 704022869
Add 694 297289150 704255809
Add 695 925751377 704358728
Add 696 218618010 705514985
Add 697 798803774 709254194
Add 698 950735510 709528582
Get
Add 699 927792914 711250804
Add 700 517856765 717357000
Add 701 811485580 717946924
Add 702 869333208 718157631
Add 703 693478613 718370134
Add 704 752845375 719961848
Add 705 831939844 720883808
Add 706 445872374 720933871
Add 707 552830152 721994603
Add 708 149542394 722621259
Add 709 309697110 723082864
Add 710 531265313 724017548
Add 711 784896053 724958035
Add 712 82338382 725113347
Add 713 538506031 727098946
Add 714 957680252 727801778
Add 715 529770241 731682295
Add 716 235295373 732510179
Add 717 805868243 732714225
Add 718 156371706 733830207
Add 719 48802547 734585375
Add 720 994128258 735098552
Add 721 721087041 736639421
Add 722 423038703 737187684
Add 723 691609763 737705108
Add 724 209045260 740429004
Add 725 3915345 740448892
Add 726 335866709 741141246
Add 727 351902813 743595834
Add 728 939702418 743961185
Add 729 952030509 744255454
Add 730 512385074 745620201
Add 731 745062421 745946547
Add 732 622130332 747946783
Add 733 696241695 748128091
Add 734 589166994 749380192
Add 735 686356926 752352744
Add 736 865123104 752929303
Add 737 927845586 753394748
Add 738 415743117 756043788
Add 739 252974244 756106261
Add 740 886493796 756734087
Add 741 75815803 759047293
Add 742 75070511 759535957
Add 743 973993125 760177407
Add 744 692860803 760597426
Add 745 58000892 760861648
Add 746 237341175 761031436
Add 747 862032386 761363178
Add 748 912683307 762466956
Add 749 913982848 762707034
Add 750 246554672 763431701
Add 751 279178991 769384189
Add 752 257456231 770690620
Add 753 435775627 770938851
Add 754 51876587 773125537
Add 755 452588367 773563522
Add 756 51153822 774505883
Add 757 583451755 777354368
Add 758 473898540 777482954
Add 759 262419747 777548035
Add 760 671441333 779711980
Add 761 212455016 779923907
Add 762 732625970 780323084
Add 763 521880859 780393212
Add 764 25097125 780986627
Add 765 147848514 781179962
Add 766 74069680 781557640
Add 767 558748708 782291600
Add 768 605213353 782515520
Add 769 211516671 783875502
Add 770 755603424 785231704
Add 771 42918882 787634026
Add 772 935682799 788360789
Add 773 362501214 790510069
Add 774 18835583 791984225
Add 775 619563306 793924813
Add 776 496069285 795367813
Add 777 487062885 796002508
Add 778 887255825 798342311
Add 779 265132113 798379634
Add 780 687556018 799124862
Add 781 495140264 800275856
Add 782 221006453 800887748
Add 783 939768431 802518284
Add 784 759467725 804848834
Add 785 610942841 806774154
Add 786 60483416 806871846
Add 787 157327349 807099775
Add 788 874878675 807132748
Add 789 325435672 807295305
Add 790 746141733 807310302
Add 791 805424732 808435206
Add 792 354725264 810150315
Add 793 79683225 810353665
Add 794 418980298 810734114
Add 795 161115254 812447089
Add 796 599227504 812799504
Add 797 935509588 815312671
Add 798 835446781 815396086
Add 799 938749774 816860201
Add 800 421528818 818445266
Add 801 683646325 819493674
Add 802 519514886 820856718
Add 803 540503490 822072559
Add 804 660353840 823957827
Add 805 946387229 824440520
Add 806 444826349 825645857
Add 807 185741903 825653961
Add 808 853003444 825754760
Add 809 767496455 826844549
Add 810 4030593 831254507
Add 811 8418833 831302445
Add 812 75619453 831318917
Add 813 440977484 832665797
Add 814 623851314 833594097
Add 815 726701505 834583569
Add 816 654801731 835252266
Add 817 84853467 835412660
Add 818 600581492 836329348
Add 819 334767707 836915851
Add 820 332969691 837127755
Add 821 854800230 838371419
Add 822 879991711 839193436
Add 823 785888405 839395629
Add 824 314464822 839476407
Add 825 799126343 840825118
Add 826 357973846 841101144
Add 827 585843375 841235061
Add 828 47048100 845247686
Add 829 357492421 845297677
Add 830 168527561 847277840
Add 831 715169220 847618614
Add 832 406896262 849363004
Add 833 401741667 850923169
Add 834 828860028 851138084
Add 835 482492015 852841028
Add 836 470288953 852933469
Add 837 100357532 853008169
Add 838 932217919 856347677
Add 839 753932230 856958144
Add 840 189295395 858229998
Add 841 338163659 860078357
Add 842 658231345 860168736
Add 843 861897007 861153453
Add 844 652252665 862285551
Add 845 857616782 863186446
Add 846 452452487 863618007
Add 847 624610086 864543749
Add 848 321151618 868143447
Add 849 122010796 869536721
Add 850 973416053 869616510
Add 851 229753527 870191053
Add 852 640260346 872664152
Add 853 718254129 872989390
Add 854 509077976 873445652
Add 855 909797687 874151648
Add 856 771169687 874464183
Add 857 110591343 874640343
Add 858 464073156 875243628
Add 859 532575047 875597176
Add 860 554240538 877225646
Add 861 588658237 878776866
Add 862 243482190 880024279
Add 863 927892277 881123748
Add 864 851546220 881325939
Add 865 714856999 882517297
Add 866 468398753 884576955
Add 867 404309568 886103366
Add 868 307043157 886164331
Add 869 971372694 886213479
Add 870 521221893 886422804
Add 871 770546140 889081637
Add 872 286725632 890125189
Add 873 431035261 890430583
Add 874 179506087 890614260
Add 875 993709767 890731262
Add 876 238333074 891561030
Add 877 542931607 892328082
Add 878 11749485 893733426
Add 879 895138681 895008649
Add 880 694266415 895166279
Add 881 998293525 896022263
Add 882 817970494 896674031
Add 883 589542278 896876173
Add 884 470850183 898953480
Add 885 668470689 899047349
Add 886 446734147 899972632
Add 887 692181719 905839892
Add 888 854458300 906012789
Add 889 718203053 909411018
Add 890 348768881 909722620
Add 891 123894756 910041732
Add 892 632970634 912266639
Add 893 173531526 914854263
Add 894 83297599 917933473
Add 895 316300890 919432625
Add 896 232581703 920381188
Add 897 574151940 920916628
Add 898 704875645 921195519
Add 899 117787529 922713285
Add 900 23125172 922783135
Add 901 971756828 923857310
Add 902 629247352 924900414
Add 903 43020312 924934725
Add 904 404659162 926025945
Add 905 474260671 927093562
Add 906 710723655 928161404
Add 907 159289082 928282403
Add 908 344278350 929431614
Add 909 345698083 930506515
Add 910 91303510 931254668
Add 911 838486274 934495202
Add 912 924875903 934997820
Add 913 203428377 936530573
Add 914 793909008 938295122
Add 915 173218773 938900512
Add 916 412030464 939084036
Add 917 624845520 939388397
Add 918 768141879 941502089
Add 919 773893212 941949601
Add 920 377003533 942602451
Add 921 695214605 943578701
Add 922 614890914 944337606
Add 923 739137646 945282417
Add 924 847578034 945470686
Add 925 2991986 946798465
Add 926 635412234 946952199
Add 927 227978535 948381857
Add 928 603119906 949430708
Add 929 979046636 950092039
Add 930 362962044 950317215
Add 931 720962802 951145611
Add 932 12410387 951145840
Add 933 800425478 953684140
Add 934 434896687 955499406
Add 935 298937569 956505225
Add 936 719516502 956739097
Add 937 552220824 957123737
Add 938 193113667 959684711
Add 939 811385844 959820606
Add 940 329906912 960308958
Add 941 674610157 960488719
Add 942 963716992 963717543
Add 943 821335839 964393992
Add 944 996623095 964899265
Add 945 368208843 965208231
Add 946 381011406 967082778
Add 947 221248887 971989336
Add 948 784294393 972394102
Get
Add 949 509001301 972767100
Add 950 606554929 973083951
Add 951 534023002 973706196
Add 952 959146431 975110653
Add 953 731686382 975517905
Add 954 158198110 975896037
Add 955 536549914 977866082
Add 956 820256850 978537724
Add 957 953765624 978702091
Add 958 743696964 980589411
Add 959 515723730 981957799
Add 960 984729820 982166264
Add 961 4131203 982634062
Add 962 138333102 983492867
Add 963 113641283 983598207
Add 964 36155502 983787468
Add 965 38997637 984004799
Add 966 370900906 984874105
Add 967 958304020 986453316
Add 968 907185674 987443470
Add 969 889584277 988036163
Add 970 99333741 988206398
Add 971 528629320 989838704
Add 972 35800386 990786595
Add 973 465087363 991804741
Add 974 274469905 992346360
Add 975 149889066 996078041
Add 976 440035219 996843861
Add 977 798212385 997347924
Add 978 431010490 997973907
Add 979 21358754 998219670
Add 980 171350088 998300989
Add 981 779167691 999188486
Get
